-0.0186296 0
-0.0186295 1.95313e-05

-0.0186295 1.95312e-05
-0.0186292 3.90625e-05

-0.0186292 3.90625e-05
-0.0186287 5.85938e-05

-0.0186287 5.85938e-05
-0.0186281 7.8125e-05

-0.0186281 7.8125e-05
-0.0186272 9.76562e-05

-0.0186272 9.76563e-05
-0.0186261 0.000117187

-0.0186261 0.000117188
-0.0186249 0.000136719

-0.0186249 0.000136719
-0.0186234 0.00015625

-0.0186234 0.00015625
-0.0186218 0.000175781

-0.0186218 0.000175781
-0.0186199 0.000195313

-0.0186199 0.000195312
-0.0186179 0.000214844

-0.0186179 0.000214844
-0.0186156 0.000234375

-0.0186156 0.000234375
-0.0186133 0.00025337

-0.0186133 0.00025337
-0.0186132 0.000253906

-0.0186132 0.000253906
-0.0186106 0.000273438

-0.0186106 0.000273437
-0.0186078 0.000292969

-0.0186078 0.000292969
-0.0186048 0.0003125

-0.0186048 0.0003125
-0.0186016 0.000332031

-0.0186016 0.000332031
-0.0185982 0.000351563

-0.0185982 0.000351562
-0.0185946 0.000371094

-0.0185946 0.000371094
-0.0185937 0.000375262

-0.0185938 0.000375258
-0.0185908 0.000390625

-0.0185908 0.000390625
-0.0185868 0.000410156

-0.0185865 0.000410156
-0.0185829 0.000429688

-0.0185825 0.000429688
-0.0185783 0.000449219

-0.0185789 0.000449219
-0.0185742 0.000463961

-0.0185742 0.000466351
-0.0185737 0.00046875

-0.0185737 0.00046875
-0.0185689 0.000488281

-0.0185689 0.000488281
-0.0185639 0.000507813

-0.0185639 0.000507813
-0.0185588 0.000527344

-0.0185588 0.000527344
-0.0185547 0.000542257

-0.0185547 0.000542255
-0.0185534 0.000546875

-0.0185534 0.000546875
-0.0185479 0.000566406

-0.0185479 0.000566406
-0.0185421 0.000585937

-0.0185421 0.000585937
-0.0185362 0.000605469

-0.0185362 0.000605469
-0.0185352 0.000608621

-0.0185352 0.000608615
-0.01853 0.000625

-0.01853 0.000625
-0.0185236 0.000644531

-0.0185236 0.000644531
-0.018517 0.000664063

-0.018517 0.000664063
-0.0185156 0.000668035

-0.0185156 0.000668028
-0.0185102 0.000683594

-0.0185102 0.000683594
-0.0185032 0.000703125

-0.0185032 0.000703125
-0.0184961 0.00072205

-0.0184961 0.00072205
-0.0184959 0.000722656

-0.0184959 0.000722656
-0.0184883 0.000742188

-0.0184883 0.000742188
-0.0184806 0.000761719

-0.0184806 0.000761719
-0.0184766 0.000771429

-0.0184766 0.000771422
-0.0184725 0.00078125

-0.0184725 0.00078125
-0.0184642 0.000800781

-0.0184642 0.000800781
-0.018457 0.000816974

-0.018457 0.000816971
-0.0184556 0.000820313

-0.0184556 0.000820312
-0.0184466 0.000839844

-0.0184466 0.000839844
-0.0184375 0.000859039

-0.0184375 0.000859039
-0.0184373 0.000859375

-0.0184373 0.000859375
-0.0184277 0.000878906

-0.0184273 0.000878906
-0.0184181 0.000898438

-0.018418 0.000897915
-0.0184177 0.000898438

-0.0184177 0.000898438
-0.0184073 0.000917969

-0.0184073 0.000917969
-0.0183984 0.000933894

-0.0183984 0.000933887
-0.0183964 0.0009375

-0.0183964 0.0009375
-0.0183851 0.000957031

-0.0183851 0.000957031
-0.0183789 0.000967292

-0.0183789 0.00096727
-0.0183733 0.000976562

-0.0183733 0.000976562
-0.0183609 0.000996094

-0.0183609 0.000996094
-0.0183594 0.000998439

-0.0183594 0.000998412
-0.0183479 0.00101563

-0.018348 0.00101563
-0.0183398 0.00102726

-0.0183398 0.00102722
-0.0183343 0.00103516

-0.0183343 0.00103516
-0.0183203 0.00105428

-0.0183203 0.00105429
-0.01832 0.00105469

-0.01832 0.00105469
-0.0183049 0.00107422

-0.0183049 0.00107422
-0.0183008 0.00107937

-0.0183008 0.00107937
-0.018289 0.00109375

-0.0182889 0.00109375
-0.0182812 0.00110287

-0.0182813 0.00110279
-0.0182722 0.00111328

-0.0182721 0.00111328
-0.0182617 0.00112484

-0.0182617 0.00112482
-0.0182543 0.00113281

-0.0182542 0.00113281
-0.0182422 0.00114536

-0.0182422 0.00114539
-0.0182353 0.00115234

-0.0182353 0.00115234
-0.0182227 0.00116456

-0.0182227 0.0011646
-0.0182149 0.00117187

-0.0182149 0.00117187
-0.0182031 0.0011825

-0.0182031 0.00118264
-0.0181929 0.00119141

-0.018193 0.00119141
-0.0181836 0.00119932

-0.0181836 0.00119944
-0.0181693 0.00121094

-0.0181694 0.00121094
-0.0181641 0.00121507

-0.0181641 0.00121513
-0.0181445 0.00122979

-0.0181445 0.0012298
-0.0181436 0.00123047

-0.0181435 0.00123047
-0.018125 0.00124347

-0.018125 0.0012435
-0.018115 0.00125

-0.018115 0.00125
-0.0181055 0.00125619

-0.0181055 0.00125618
-0.0180859 0.00126799

-0.0180859 0.00126801
-0.0180832 0.00126953

-0.0180832 0.00126953
-0.0180664 0.00127895

-0.0180664 0.0012789
-0.0180469 0.00128902

-0.0180469 0.00128902
-0.0180468 0.00128906

-0.0180469 0.00128907
-0.0180273 0.00129837

-0.0180273 0.00129829
-0.0180078 0.00130683

-0.0180078 0.00130684
-0.0180034 0.00130859

-0.0180036 0.00130859
-0.0179883 0.00131471

-0.0179883 0.00131464
-0.0179687 0.0013217

-0.0179688 0.00132166
-0.0179493 0.00132813

-0.0179497 0.00132813
-0.0179492 0.00132828

-0.0179492 0.00132825
-0.0179297 0.00133407

-0.0179297 0.001334
-0.0179102 0.00133907

-0.0179102 0.00133903
-0.0178906 0.00134357

-0.0178906 0.00134356
-0.0178712 0.00134766

-0.0178719 0.00134766
-0.0178711 0.00134782

-0.0178711 0.00134775
-0.0178516 0.00135127

-0.0178516 0.00135122
-0.017832 0.00135409

-0.017832 0.00135407
-0.0178125 0.00135645

-0.0178125 0.00135645
-0.017793 0.00135837

-0.017793 0.00135837
-0.0177734 0.00135985

-0.0177734 0.00135985
-0.0177539 0.00136088

-0.0177539 0.00136088
-0.0177344 0.00136146

-0.0177541 0.00136719
-0.0177539 0.0013672

-0.0177344 0.00136146
-0.0177148 0.0013616

-0.0177148 0.0013616
-0.0176953 0.00136128

-0.0176953 0.00136128
-0.0176758 0.00136052

-0.0176758 0.00136052
-0.0176562 0.00135931

-0.0176563 0.0013593
-0.0176367 0.00135767

-0.0176367 0.00135767
-0.0176172 0.00135563

-0.0176172 0.00135564
-0.0175977 0.00135319

-0.0175977 0.00135319
-0.0175781 0.00135032

-0.0175586 0.00134693
-0.0175629 0.00134766

-0.0175781 0.00135034
-0.0175623 0.00134766

-0.0175586 0.00134701
-0.0175391 0.00134324

-0.0175586 0.00134767
-0.0175585 0.00134766

-0.0175391 0.00134323
-0.0175195 0.00133902

-0.0175195 0.00133902
-0.0175 0.00133438

-0.0172656 0.00124124
-0.0172817 0.00125

-0.0172461 0.00123002
-0.0172469 0.00123047

-0.0172656 0.00124126
-0.0172468 0.00123047

-0.0172461 0.00123003
-0.0172266 0.00121825

-0.017207 0.00120578
-0.0172151 0.00121094

-0.017207 0.00120585
-0.0171875 0.00119276

-0.0172266 0.00121835
-0.0172149 0.00121094

-0.016875 0.000833842
-0.0168779 0.000839844

-0.0168777 0.000839844
-0.0168877 0.000859375

-0.0169336 0.000936434
-0.0169343 0.0009375

-0.0169141 0.000905527
-0.0169217 0.000917969

-0.0169336 0.000936645
-0.0169215 0.000917969

-0.0168945 0.000871586
-0.0168985 0.000878906

-0.0168983 0.000878906
-0.0169096 0.000898438

-0.0168945 0.000872174
-0.0168876 0.000859375

-0.0169141 0.000906198
-0.0169093 0.000898438

-0.0170508 0.00107914
-0.0170659 0.00109375

-0.0170312 0.0010589
-0.0170459 0.00107422

-0.0170508 0.00108048
-0.0170446 0.00107422

-0.0171484 0.00116439
-0.0171586 0.00117187

-0.0171289 0.00114909
-0.017133 0.00115234

-0.0171484 0.00116459
-0.0171328 0.00115234

-0.0171289 0.00114929
-0.0171094 0.00113314

-0.017168 0.00117885
-0.0171858 0.00119141

-0.0171875 0.00119383
-0.017184 0.00119141

-0.017168 0.00117914
-0.0171581 0.00117187

-0.0170898 0.00111605
-0.0171091 0.00113281

-0.0170703 0.00109817
-0.0170869 0.00111328

-0.0170898 0.00111696
-0.0170857 0.00111328

-0.0171094 0.0011345
-0.0171074 0.00113281

-0.0170703 0.00109907
-0.0170647 0.00109375

-0.0169922 0.0010153
-0.0169925 0.00101563

-0.0169531 0.000964355
-0.016962 0.000976562

-0.0169727 0.000990613
-0.0169768 0.000996094

-0.0169922 0.00101524
-0.0169766 0.000996094

-0.0169727 0.000990976
-0.0169616 0.000976562

-0.0170117 0.00103778
-0.017027 0.00105469

-0.0169926 0.00101563
-0.0170093 0.00103516

-0.0170117 0.00103895
-0.0170084 0.00103516

-0.0170313 0.0010603
-0.017026 0.00105469

-0.0169341 0.0009375
-0.0169475 0.000957031

-0.0169531 0.000965467
-0.0169471 0.000957031

-0.0167727 0
-0.0167727 1.95313e-05

-0.0167727 1.95312e-05
-0.0167728 3.90625e-05

-0.0167728 3.90625e-05
-0.016773 5.85938e-05

-0.016773 5.85938e-05
-0.0167732 7.8125e-05

-0.0167732 7.8125e-05
-0.0167734 9.76562e-05

-0.0167734 9.76563e-05
-0.0167737 0.000117187

-0.0167737 0.000117188
-0.0167741 0.000136719

-0.0167741 0.000136719
-0.0167746 0.00015625

-0.0167746 0.00015625
-0.0167751 0.000175781

-0.0167751 0.000175781
-0.0167757 0.000195313

-0.0167757 0.000195312
-0.0167763 0.000214844

-0.0167763 0.000214844
-0.0167771 0.000234375

-0.0167773 0.000241373
-0.0167779 0.000253906

-0.0167779 0.000253906
-0.0167787 0.000273438

-0.0167773 0.000241386
-0.0167771 0.000234375

-0.0167773 0.000254636
-0.0167773 0.000253906

-0.0167787 0.000273437
-0.0167797 0.000292969

-0.0167797 0.000292969
-0.0167807 0.0003125

-0.0167773 0.000274507
-0.0167773 0.000273437

-0.0167773 0.00029434
-0.0167773 0.000292969

-0.0167807 0.0003125
-0.0167817 0.000332031

-0.0167817 0.000332031
-0.0167828 0.000351563

-0.0167773 0.000312896
-0.0167773 0.0003125

-0.0167773 0.000332302
-0.0167773 0.000332031

-0.0167828 0.000351562
-0.0167839 0.000371094

-0.0167839 0.000371094
-0.0167851 0.000390625

-0.0167773 0.000371217
-0.0167773 0.000371094

-0.0167851 0.000390625
-0.0167863 0.000410156

-0.0167863 0.000410156
-0.0167876 0.000429688

-0.0167773 0.00039078
-0.0167773 0.000390625

-0.0167773 0.000410366
-0.0167773 0.000410156

-0.0167875 0.000429688
-0.0167888 0.000449219

-0.0167888 0.000449219
-0.0167902 0.00046875

-0.0167773 0.000430002
-0.0167773 0.000429688

-0.0167773 0.00044963
-0.0167773 0.000449219

-0.0167969 0.000546767
-0.0167969 0.000546875

-0.0167969 0.000548405
-0.0167988 0.000566406

-0.0167988 0.000566406
-0.0168012 0.000585937

-0.0168012 0.000585937
-0.0168039 0.000605469

-0.0168039 0.000605469
-0.0168071 0.000625

-0.0167902 0.00046875
-0.0167916 0.000488281

-0.0167916 0.000488281
-0.0167932 0.000507813

-0.0167773 0.000469178
-0.0167773 0.00046875

-0.0167773 0.0004886
-0.0167773 0.000488281

-0.0167932 0.000507813
-0.0167949 0.000527344

-0.0167949 0.000527344
-0.0167967 0.000546875

-0.0167773 0.00050797
-0.0167773 0.000507813

-0.0167773 0.000527414
-0.0167773 0.000527344

-0.0167969 0.000548446
-0.0167967 0.000546875

-0.0168071 0.000625
-0.0168107 0.000644531

-0.0168107 0.000644531
-0.0168149 0.000664063

-0.0168164 0.000669781
-0.0168197 0.000683594

-0.0168195 0.000683594
-0.0168247 0.000703125

-0.0168164 0.000672142
-0.0168145 0.000664063

-0.0168359 0.000738721
-0.0168371 0.000742188

-0.0168369 0.000742188
-0.0168439 0.000761719

-0.0168438 0.000761719
-0.0168514 0.00078125

-0.0168247 0.000703125
-0.0168305 0.000722656

-0.0168359 0.000739375
-0.0168305 0.000722656

-0.0168555 0.000790384
-0.0168598 0.000800781

-0.0168595 0.000800781
-0.0168683 0.000820313

-0.0168555 0.00079165
-0.0168511 0.00078125

-0.016875 0.000834473
-0.0168682 0.000820312

-0.0174609 0.00132375
-0.0174763 0.00132813

-0.0174609 0.00132374
-0.0174414 0.00131773

-0.0174414 0.00131775
-0.0174219 0.00131129

-0.0175 0.00133439
-0.0174805 0.00132931

-0.0174805 0.00132934
-0.0174762 0.00132813

-0.0174023 0.00130433
-0.0174143 0.00130859

-0.0174219 0.00131131
-0.0174143 0.00130859

-0.0174023 0.0013043
-0.0173828 0.00129686

-0.0173633 0.00128886
-0.0173638 0.00128906

-0.0173633 0.00128894
-0.0173437 0.00128047

-0.0173828 0.00129691
-0.0173635 0.00128906

-0.0173438 0.00128048
-0.0173242 0.00127149

-0.0173047 0.00126195
-0.0173202 0.00126953

-0.0173242 0.0012715
-0.0173202 0.00126953

-0.0173047 0.00126195
-0.0172852 0.00125187

-0.0172852 0.00125188
-0.0172817 0.00125

