-0.0166814 0
-0.0166814 1.95313e-05

-0.0166814 1.95312e-05
-0.0166815 3.90625e-05

-0.0166815 3.90625e-05
-0.0166815 5.85938e-05

-0.0166815 5.85938e-05
-0.0166816 7.8125e-05

-0.0166816 7.8125e-05
-0.0166817 9.76562e-05

-0.0166817 9.76563e-05
-0.0166818 0.000117187

-0.0166818 0.000117188
-0.016682 0.000136719

-0.016682 0.000136719
-0.0166821 0.00015625

-0.0166821 0.00015625
-0.0166823 0.000175781

-0.0166823 0.000175781
-0.0166825 0.000195313

-0.0166825 0.000195312
-0.0166827 0.000214844

-0.0166827 0.000214844
-0.016683 0.000234375

-0.016683 0.000234375
-0.0166833 0.000253906

-0.0166833 0.000253906
-0.0166837 0.000273438

-0.0166837 0.000273437
-0.0166842 0.000292969

-0.0166842 0.000292969
-0.0166848 0.0003125

-0.0166848 0.0003125
-0.0166855 0.000332031

-0.0166855 0.000332031
-0.0166865 0.000351563

-0.0166865 0.000351562
-0.0166876 0.000371094

-0.0166876 0.000371094
-0.016689 0.000390625

-0.016689 0.000390625
-0.0166906 0.000410156

-0.0166906 0.000410156
-0.0166924 0.000429688

-0.0166924 0.000429688
-0.0166944 0.000449219

-0.0166944 0.000449219
-0.0166965 0.00046875

-0.0166992 0.000492536
-0.016701 0.000507813

-0.0166965 0.00046875
-0.0166987 0.000488281

-0.0166992 0.000492528
-0.0166987 0.000488281

-0.016701 0.000507813
-0.0167032 0.000527344

-0.0167032 0.000527344
-0.0167053 0.000546875

-0.0167053 0.000546875
-0.0167071 0.000566406

-0.0167071 0.000566406
-0.0167087 0.000585937

-0.0167087 0.000585937
-0.0167099 0.000605469

-0.0167099 0.000605469
-0.0167106 0.000625

-0.0167106 0.000625
-0.0167107 0.000644531

-0.0167107 0.000644531
-0.0167102 0.000664063

-0.0167102 0.000664063
-0.0167091 0.000683594

-0.0167091 0.000683594
-0.0167074 0.000703125

-0.0167074 0.000703125
-0.0167051 0.000722656

-0.0167051 0.000722656
-0.0167021 0.000742188

-0.0167021 0.000742188
-0.0166992 0.000758062

-0.0166992 0.000758054
-0.0166985 0.000761719

-0.0166985 0.000761719
-0.0166943 0.00078125

-0.0166943 0.00078125
-0.0166895 0.000800781

-0.0166895 0.000800781
-0.016684 0.000820313

-0.016684 0.000820312
-0.0166797 0.000833999

-0.0166797 0.000833987
-0.0166779 0.000839844

-0.0166779 0.000839844
-0.0166711 0.000859375

-0.0166711 0.000859375
-0.0166637 0.000878906

-0.0166637 0.000878906
-0.0166602 0.000887518

-0.0166602 0.000887487
-0.0166556 0.000898438

-0.0166557 0.000898438
-0.0166469 0.000917969

-0.0166469 0.000917969
-0.0166406 0.00093112

-0.0166406 0.0009311
-0.0166375 0.0009375

-0.0166376 0.0009375
-0.0166275 0.000957031

-0.0166275 0.000957031
-0.0166211 0.000968599

-0.0166211 0.00096857
-0.0166167 0.000976562

-0.0166167 0.000976562
-0.0166052 0.000996094

-0.0166052 0.000996094
-0.0166016 0.00100186

-0.0166016 0.00100178
-0.0165928 0.00101563

-0.0165929 0.00101563
-0.016582 0.00103175

-0.016582 0.0010317
-0.0165798 0.00103516

-0.0165798 0.00103516
-0.0165658 0.00105469

-0.0165658 0.00105469
-0.0165625 0.00105911

-0.0165625 0.00105904
-0.016551 0.00107422

-0.0165509 0.00107422
-0.016543 0.00108424

-0.016543 0.00108406
-0.0165352 0.00109375

-0.0165351 0.00109375
-0.0165234 0.00110747

-0.0165234 0.00110743
-0.0165183 0.00111328

-0.0165184 0.00111328
-0.0165039 0.00112915

-0.0165039 0.00112913
-0.0165005 0.00113281

-0.0165005 0.00113281
-0.0164844 0.00114944

-0.0164844 0.0011494
-0.0164814 0.00115234

-0.0164815 0.00115234
-0.0164648 0.00116836

-0.0164648 0.00116837
-0.0164611 0.00117187

-0.0164611 0.00117187
-0.0164453 0.00118621

-0.0164453 0.00118621
-0.0164393 0.00119141

-0.0164394 0.00119141
-0.0164258 0.00120297

-0.0164258 0.00120304
-0.0164159 0.00121094

-0.0164161 0.00121094
-0.0164062 0.00121875

-0.0164063 0.00121879
-0.016391 0.00123047

-0.0163911 0.00123047
-0.0163867 0.00123374

-0.0163867 0.00123369
-0.0163672 0.00124779

-0.0163672 0.0012478
-0.0163639 0.00125

-0.016364 0.00125
-0.0163477 0.00126113

-0.0163477 0.00126107
-0.0163345 0.00126953

-0.0163347 0.00126953
-0.0163281 0.00127371

-0.0163281 0.00127364
-0.0163086 0.00128552

-0.0163086 0.00128551
-0.0163024 0.00128906

-0.0163025 0.00128906
-0.0162891 0.00129677

-0.0162891 0.0012967
-0.0162695 0.00130728

-0.0162695 0.00130729
-0.016267 0.00130859

-0.0162671 0.00130859
-0.01625 0.00131731

-0.0151953 0.0012451
-0.0152039 0.00125

-0.0151953 0.00124503
-0.0151758 0.00123349

-0.0151562 0.00122155
-0.0151708 0.00123047

-0.0151758 0.00123349
-0.0151708 0.00123047

-0.0150781 0.001169
-0.0150822 0.00117187

-0.0151367 0.00120921
-0.0151395 0.00121094

-0.0151367 0.00120908
-0.0151172 0.00119617

-0.0151562 0.00122151
-0.0151397 0.00121094

-0.0150977 0.0011828
-0.0151102 0.00119141

-0.0151172 0.00119612
-0.0151102 0.00119141

-0.0150977 0.00118274
-0.0150824 0.00117187

-0.0150781 0.00116885
-0.0150586 0.00115443

-0.0150391 0.00113949
-0.0150558 0.00115234

-0.0150586 0.0011544
-0.0150558 0.00115234

-0.0150195 0.00112399
-0.0150307 0.00113281

-0.015 0.0011079
-0.0150065 0.00111328

-0.0150195 0.00112386
-0.0150067 0.00111328

-0.0150391 0.00113936
-0.0150306 0.00113281

-0.01625 0.00131724
-0.0162305 0.00132663

-0.0162305 0.00132665
-0.0162272 0.00132813

-0.0162273 0.00132813
-0.0162109 0.00133553

-0.0162109 0.00133548
-0.0161914 0.00134377

-0.0161914 0.00134375
-0.0161816 0.00134766

-0.0161818 0.00134766
-0.0161719 0.0013516

-0.0161719 0.00135158
-0.0161523 0.00135885

-0.0161523 0.00135882
-0.0161328 0.00136563

-0.0161328 0.00136564
-0.016128 0.00136719

-0.0161281 0.00136719
-0.0161133 0.001372

-0.0161133 0.00137199
-0.0160937 0.00137785

-0.0160938 0.00137784
-0.0160742 0.00138326

-0.0160742 0.00138326
-0.0160607 0.00138672

-0.0160607 0.00138672
-0.0160547 0.00138827

-0.0160547 0.00138828
-0.0160352 0.00139286

-0.0160352 0.00139285
-0.0160156 0.001397

-0.0160156 0.001397
-0.0159961 0.00140073

-0.0159961 0.00140073
-0.0159766 0.00140408

-0.0159766 0.0014041
-0.0159624 0.00140625

-0.0159616 0.00140625
-0.015957 0.00140695

-0.015957 0.00140704
-0.0159375 0.00140962

-0.0159375 0.00140962
-0.015918 0.00141181

-0.015918 0.00141181
-0.0158984 0.00141363

-0.0158984 0.00141363
-0.0158789 0.00141508

-0.0158789 0.00141508
-0.0158594 0.00141616

-0.0158594 0.00141616
-0.0158398 0.00141688

-0.0158398 0.00141688
-0.0158203 0.00141724

-0.0158203 0.00141724
-0.0158008 0.00141725

-0.0158008 0.00141725
-0.0157812 0.0014169

-0.0156445 0.00140488
-0.0156543 0.00140625

-0.0156445 0.00140488
-0.015625 0.0014018

-0.0157813 0.0014169
-0.0157617 0.0014162

-0.0157617 0.0014162
-0.0157422 0.00141516

-0.0157422 0.00141516
-0.0157227 0.00141378

-0.0157227 0.00141378
-0.0157031 0.00141206

-0.0157031 0.00141205
-0.0156836 0.00141

-0.0156836 0.00140999
-0.0156641 0.0014076

-0.0156641 0.00140761
-0.0156543 0.00140625

-0.015625 0.0014018
-0.0156055 0.00139837

-0.0156055 0.00139837
-0.0155859 0.0013946

-0.0155859 0.0013946
-0.0155664 0.0013905

-0.0155469 0.00138608
-0.0155497 0.00138672

-0.0155664 0.0013905
-0.0155497 0.00138672

-0.0155469 0.00138608
-0.0155273 0.00138129

-0.0155273 0.00138128
-0.0155078 0.00137615

-0.0154687 0.0013649
-0.0154765 0.00136719

-0.0155078 0.00137614
-0.0154883 0.00137068

-0.0154883 0.00137068
-0.0154765 0.00136719

-0.0154687 0.00136488
-0.0154492 0.00135871

-0.0154492 0.0013587
-0.0154297 0.00135218

-0.0154102 0.00134536
-0.0154167 0.00134766

-0.0154297 0.00135219
-0.0154168 0.00134766

-0.0154102 0.00134534
-0.0153906 0.0013381

-0.0153516 0.00132258
-0.0153652 0.00132813

-0.0153516 0.00132255
-0.015332 0.00131422

-0.0153125 0.00130558
-0.0153193 0.00130859

-0.015332 0.00131422
-0.0153194 0.00130859

-0.0153906 0.00133808
-0.0153711 0.0013305

-0.0153711 0.00133051
-0.0153652 0.00132813

-0.0152734 0.00128704
-0.0152776 0.00128906

-0.0153125 0.00130553
-0.015293 0.00129644

-0.015293 0.00129643
-0.0152778 0.00128906

-0.0152734 0.00128698
-0.0152539 0.00127711

-0.0152344 0.0012669
-0.0152394 0.00126953

-0.0152539 0.00127709
-0.0152395 0.00126953

-0.0152344 0.00126683
-0.0152148 0.00125615

-0.0152148 0.00125613
-0.0152041 0.00125

-0.0144879 0
-0.014488 1.95313e-05

-0.014488 1.95312e-05
-0.0144884 3.90625e-05

-0.0144884 3.90625e-05
-0.0144891 5.85938e-05

-0.0144891 5.85938e-05
-0.01449 7.8125e-05

-0.0144922 0.00011071
-0.0144927 0.000117187

-0.0144927 0.000117188
-0.0144944 0.000136719

-0.0144944 0.000136719
-0.0144964 0.00015625

-0.01449 7.8125e-05
-0.0144912 9.76562e-05

-0.0144922 0.000110696
-0.0144912 9.76563e-05

-0.0144964 0.00015625
-0.0144987 0.000175781

-0.0144987 0.000175781
-0.0145012 0.000195313

-0.0145012 0.000195312
-0.0145041 0.000214844

-0.0145041 0.000214844
-0.0145071 0.000234375

-0.0145117 0.00026055
-0.0145141 0.000273438

-0.0145071 0.000234375
-0.0145105 0.000253906

-0.0145117 0.000260537
-0.0145105 0.000253906

-0.0145141 0.000273437
-0.0145181 0.000292969

-0.0145181 0.000292969
-0.0145223 0.0003125

-0.0145312 0.000350686
-0.0145315 0.000351563

-0.0145315 0.000351562
-0.0145365 0.000371094

-0.0145365 0.000371094
-0.0145419 0.000390625

-0.0145508 0.000421079
-0.0145534 0.000429688

-0.0145419 0.000390625
-0.0145475 0.000410156

-0.0145508 0.000421029
-0.0145475 0.000410156

-0.0145534 0.000429688
-0.0145596 0.000449219

-0.0145596 0.000449219
-0.0145662 0.00046875

-0.0146094 0.000580333
-0.0146118 0.000585937

-0.0146289 0.000623465
-0.0146296 0.000625

-0.0146118 0.000585937
-0.0146206 0.000605469

-0.0146289 0.000623316
-0.0146206 0.000605469

-0.0145703 0.000480742
-0.0145729 0.000488281

-0.014573 0.000488281
-0.0145801 0.000507813

-0.0145898 0.000533143
-0.0145953 0.000546875

-0.0145801 0.000507813
-0.0145876 0.000527344

-0.0145898 0.000533105
-0.0145876 0.000527344

-0.0145703 0.000480674
-0.0145661 0.00046875

-0.0145953 0.000546875
-0.0146034 0.000566406

-0.0146094 0.00058023
-0.0146034 0.000566406

-0.0145223 0.0003125
-0.0145267 0.000332031

-0.0145312 0.00035062
-0.0145267 0.000332031

-0.0146875 0.000734637
-0.0146919 0.000742188

-0.014707 0.000767171
-0.0147158 0.00078125

-0.0146919 0.000742188
-0.0147037 0.000761719

-0.014707 0.000767128
-0.0147037 0.000761719

-0.0147656 0.000854903
-0.0147688 0.000859375

-0.0148242 0.000930553
-0.0148299 0.0009375

-0.0148047 0.000906418
-0.0148139 0.000917969

-0.0148242 0.000930485
-0.014814 0.000917969

-0.0147852 0.000881258
-0.0147983 0.000898438

-0.0147689 0.000859375
-0.0147834 0.000878906

-0.0147852 0.000881253
-0.0147834 0.000878906

-0.0148047 0.000906452
-0.0147985 0.000898438

-0.0147266 0.000798062
-0.0147283 0.000800781

-0.0147284 0.000800781
-0.0147414 0.000820313

-0.0147461 0.000827111
-0.0147549 0.000839844

-0.0147656 0.000854765
-0.0147549 0.000839844

-0.0147461 0.000827084
-0.0147415 0.000820312

-0.0147266 0.000797907
-0.0147158 0.00078125

-0.0149805 0.00109117
-0.0149834 0.00109375

-0.0149609 0.00107382
-0.0149614 0.00107422

-0.0149805 0.00109105
-0.0149616 0.00107422

-0.0149219 0.0010368
-0.0149405 0.00105469

-0.0149609 0.00107366
-0.0149414 0.00105559

-0.0149414 0.00105558
-0.0149405 0.00105469

-0.0148828 0.000996902
-0.0149008 0.00101563

-0.0148633 0.000975849
-0.0148639 0.000976562

-0.0148437 0.0009537
-0.0148466 0.000957031

-0.0148633 0.000975687
-0.0148467 0.000957031

-0.014864 0.000976562
-0.014882 0.000996094

-0.0148828 0.000996896
-0.0148821 0.000996094

-0.0149023 0.00101724
-0.0149202 0.00103516

-0.0149219 0.00103678
-0.0149202 0.00103516

-0.0149023 0.00101723
-0.0149008 0.00101563

-0.015 0.00110778
-0.0149836 0.00109375

-0.0148437 0.000953545
-0.01483 0.0009375

-0.0146484 0.000663208
-0.0146489 0.000664063

-0.014668 0.000700113
-0.0146696 0.000703125

-0.0146489 0.000664063
-0.0146591 0.000683594

-0.014668 0.000699958
-0.0146591 0.000683594

-0.0146297 0.000625
-0.0146391 0.000644531

-0.0146484 0.000663042
-0.0146391 0.000644531

-0.0146697 0.000703125
-0.0146806 0.000722656

-0.0146875 0.00073452
-0.0146806 0.000722656

