-0.0187136 0
-0.0187135 1.95313e-05

-0.0187135 1.95312e-05
-0.0187132 3.90625e-05

-0.0187132 3.90625e-05
-0.0187127 5.85938e-05

-0.0187127 5.85938e-05
-0.018712 7.8125e-05

-0.018712 7.8125e-05
-0.0187111 9.76562e-05

-0.0187111 9.76563e-05
-0.0187109 0.000101464

-0.0187109 0.000101463
-0.0187101 0.000117187

-0.0187101 0.000117188
-0.0187088 0.000136719

-0.0187088 0.000136719
-0.0187074 0.00015625

-0.0187074 0.00015625
-0.0187057 0.000175781

-0.0187057 0.000175781
-0.0187039 0.000195313

-0.0187039 0.000195312
-0.0187018 0.000214844

-0.0187018 0.000214844
-0.0186996 0.000234375

-0.0186996 0.000234375
-0.0186971 0.000253906

-0.0186971 0.000253906
-0.0186944 0.000273438

-0.0186944 0.000273437
-0.0186916 0.000292969

-0.0186916 0.000292969
-0.0186914 0.000294088

-0.0186914 0.000294084
-0.0186885 0.0003125

-0.0186885 0.0003125
-0.0186852 0.000332031

-0.0186852 0.000332031
-0.0186817 0.000351563

-0.0186817 0.000351562
-0.018678 0.000371094

-0.018678 0.000371094
-0.0186741 0.000390625

-0.0186741 0.000390625
-0.0186719 0.000401124

-0.0186719 0.000401122
-0.01867 0.000410156

-0.0186695 0.000410156
-0.0186661 0.000429688

-0.0186655 0.000429688
-0.0186611 0.000449219

-0.0186617 0.000449219
-0.0186556 0.00046875

-0.0186565 0.00046875
-0.0186523 0.000482941

-0.0186523 0.0004838
-0.0186512 0.000488281

-0.0186512 0.000488281
-0.0186459 0.000507813

-0.0186459 0.000507813
-0.0186405 0.000527344

-0.0186405 0.000527344
-0.0186347 0.000546875

-0.0186347 0.000546875
-0.0186328 0.000553224

-0.0186328 0.00055322
-0.0186288 0.000566406

-0.0186288 0.000566406
-0.0186226 0.000585937

-0.0186226 0.000585937
-0.0186162 0.000605469

-0.0186162 0.000605469
-0.0186133 0.000614054

-0.0186133 0.00061405
-0.0186096 0.000625

-0.0186096 0.000625
-0.0186027 0.000644531

-0.0186027 0.000644531
-0.0185955 0.000664063

-0.0185955 0.000664063
-0.0185937 0.000668719

-0.0185938 0.000668713
-0.0185881 0.000683594

-0.0185881 0.000683594
-0.0185805 0.000703125

-0.0185805 0.000703125
-0.0185742 0.000718571

-0.0185742 0.000718569
-0.0185726 0.000722656

-0.0185726 0.000722656
-0.0185644 0.000742188

-0.0185644 0.000742188
-0.018556 0.000761719

-0.018556 0.000761719
-0.0185547 0.000764565

-0.0185547 0.000764554
-0.0185472 0.00078125

-0.0185472 0.00078125
-0.0185382 0.000800781

-0.0185382 0.000800781
-0.0185352 0.000807206

-0.0185352 0.000807195
-0.0185289 0.000820313

-0.0185289 0.000820312
-0.0185193 0.000839844

-0.0185193 0.000839844
-0.0185156 0.000847001

-0.0185156 0.000846987
-0.0185093 0.000859375

-0.0185093 0.000859375
-0.018499 0.000878906

-0.0184989 0.000878906
-0.0184961 0.000884365

-0.0184961 0.000884217
-0.0184883 0.000898438

-0.0184883 0.000898438
-0.0184772 0.000917969

-0.0184773 0.000917969
-0.0184766 0.000919162

-0.0184766 0.000919136
-0.0184657 0.0009375

-0.0184658 0.0009375
-0.018457 0.000951757

-0.018457 0.000951744
-0.0184538 0.000957031

-0.0184538 0.000957031
-0.0184414 0.000976562

-0.0184414 0.000976562
-0.0184375 0.000982451

-0.0184375 0.000982389
-0.0184284 0.000996094

-0.0184284 0.000996094
-0.018418 0.00101115

-0.018418 0.0010111
-0.0184149 0.00101563

-0.0184149 0.00101563
-0.0184007 0.00103516

-0.0184006 0.00103516
-0.0183984 0.00103812

-0.0183984 0.00103814
-0.0183858 0.00105469

-0.0183857 0.00105469
-0.0183789 0.00106346

-0.0183789 0.00106333
-0.0183702 0.00107422

-0.0183702 0.00107422
-0.0183594 0.00108714

-0.0183594 0.00108708
-0.0183537 0.00109375

-0.0183537 0.00109375
-0.0183398 0.00110938

-0.0183398 0.00110937
-0.0183363 0.00111328

-0.0183363 0.00111328
-0.0183203 0.00113026

-0.0183203 0.00113026
-0.0183178 0.00113281

-0.0183179 0.00113281
-0.0183008 0.00114983

-0.0183008 0.00114984
-0.0182982 0.00115234

-0.0182982 0.00115234
-0.0182812 0.00116818

-0.0182813 0.0011682
-0.0182772 0.00117187

-0.0182771 0.00117187
-0.0182617 0.00118537

-0.0182617 0.00118543
-0.0182545 0.00119141

-0.0182545 0.00119141
-0.0182422 0.00120143

-0.0182422 0.00120153
-0.01823 0.00121094

-0.0182301 0.00121094
-0.0182227 0.00121646

-0.0182227 0.00121656
-0.0182033 0.00123047

-0.0182034 0.00123047
-0.0182031 0.00123064

-0.0182031 0.00123061
-0.0181836 0.00124375

-0.0181836 0.00124377
-0.0181736 0.00125

-0.0181736 0.00125
-0.0181641 0.00125596

-0.0181641 0.00125593
-0.0181445 0.00126725

-0.0181445 0.00126727
-0.0181403 0.00126953

-0.0181403 0.00126953
-0.018125 0.00127774

-0.018125 0.00127766
-0.0181055 0.00128732

-0.0181055 0.00128733
-0.0181017 0.00128906

-0.0181018 0.00128906
-0.0180859 0.0012963

-0.0180859 0.00129622
-0.0180664 0.0013044

-0.0180664 0.00130439
-0.0180555 0.00130859

-0.0180557 0.00130859
-0.0180469 0.001312

-0.0180469 0.00131195
-0.0180273 0.00131874

-0.0180273 0.00131865
-0.0180078 0.00132486

-0.0180078 0.00132487
-0.0179966 0.00132813

-0.017997 0.00132813
-0.0179883 0.00133065

-0.0179883 0.00133061
-0.0179687 0.00133558

-0.0179688 0.00133553
-0.0179492 0.00133987

-0.0179492 0.00133985
-0.0179297 0.00134369

-0.0179297 0.00134364
-0.0179102 0.00134713

-0.0179102 0.00134714
-0.0179067 0.00134766

-0.0179079 0.00134766
-0.0178906 0.00135024

-0.0178906 0.0013501
-0.0178711 0.00135236

-0.0178711 0.00135236
-0.0178516 0.0013542

-0.0178516 0.0013542
-0.017832 0.00135561

-0.017832 0.00135561
-0.0178125 0.00135658

-0.0178126 0.00136719
-0.0178125 0.00136719

-0.0178125 0.00135658
-0.017793 0.00135711

-0.017793 0.00135711
-0.0177734 0.0013572

-0.0177734 0.0013572
-0.0177539 0.00135684

-0.0177539 0.00135683
-0.0177344 0.00135605

-0.0177344 0.00135605
-0.0177148 0.00135486

-0.0177148 0.00135486
-0.0176953 0.00135325

-0.0176953 0.00135326
-0.0176758 0.00135121

-0.0176758 0.00135121
-0.0176562 0.00134874

-0.0176367 0.00134581
-0.0176491 0.00134766

-0.0176563 0.00134877
-0.0176488 0.00134766

-0.0176367 0.00134583
-0.0176172 0.00134247

-0.0176367 0.00134767
-0.0176366 0.00134766

-0.0176172 0.00134246
-0.0175977 0.00133866

-0.0175977 0.00133866
-0.0175781 0.00133444

-0.0175391 0.00132466
-0.0175523 0.00132813

-0.0175391 0.00132465
-0.0175195 0.00131906

-0.0175195 0.00131907
-0.0175 0.00131305

-0.0175781 0.00133445
-0.0175586 0.00132979

-0.0175586 0.00132983
-0.0175521 0.00132813

-0.0173437 0.00124658
-0.0173503 0.00125

-0.0173438 0.00124684
-0.0173242 0.0012361

-0.0173047 0.00122453
-0.0173149 0.00123047

-0.0173242 0.00123647
-0.0173139 0.00123047

-0.0172656 0.00120032
-0.0172822 0.00121094

-0.0173047 0.0012248
-0.0172852 0.00121286

-0.0172852 0.00121306
-0.0172818 0.00121094

-0.017207 0.00115845
-0.0172249 0.00117187

-0.0171875 0.00114296
-0.0171995 0.00115234

-0.017207 0.0011589
-0.0171985 0.00115234

-0.0172461 0.0011872
-0.0172523 0.00119141

-0.0172656 0.00120037
-0.0172524 0.00119141

-0.0172461 0.00118715
-0.0172266 0.00117324

-0.0172266 0.00117439
-0.0172231 0.00117187

-0.016875 0.000629256
-0.0168777 0.000644531

-0.0168775 0.000644531
-0.0168815 0.000664063

-0.0168815 0.000664063
-0.0168859 0.000683594

-0.0168859 0.000683594
-0.0168909 0.000703125

-0.0169141 0.000772621
-0.0169173 0.00078125

-0.0168945 0.000715114
-0.0168967 0.000722656

-0.0168966 0.000722656
-0.0169028 0.000742188

-0.0168945 0.000715893
-0.0168909 0.000703125

-0.0169028 0.000742188
-0.0169096 0.000761719

-0.0169141 0.00077406
-0.0169094 0.000761719

-0.0169922 0.000926228
-0.0169995 0.0009375

-0.0169727 0.000895042
-0.0169746 0.000898438

-0.0169531 0.00086014
-0.0169633 0.000878906

-0.0169727 0.000895263
-0.0169632 0.000878906

-0.0169745 0.000898438
-0.0169864 0.000917969

-0.0169922 0.000927772
-0.0169859 0.000917969

-0.016917 0.00078125
-0.016925 0.000800781

-0.016925 0.000800781
-0.0169336 0.000820313

-0.0169336 0.000820391
-0.0169428 0.000839844

-0.0169428 0.000839844
-0.0169527 0.000859375

-0.0169336 0.000820358
-0.0169336 0.000820312

-0.0169531 0.000861296
-0.0169521 0.000859375

-0.0171289 0.00109145
-0.0171313 0.00109375

-0.0171094 0.00107235
-0.0171112 0.00107422

-0.0171289 0.00109168
-0.017111 0.00107422

-0.0170508 0.00100714
-0.0170577 0.00101563

-0.0170312 0.000982401
-0.0170418 0.000996094

-0.0170508 0.00100776
-0.0170414 0.000996094

-0.0170898 0.00105203
-0.0170923 0.00105469

-0.0170703 0.0010302
-0.0170746 0.00103516

-0.0170898 0.00105224
-0.0170743 0.00103516

-0.0171094 0.00107254
-0.0170921 0.00105469

-0.0170703 0.0010307
-0.0170574 0.00101563

-0.017168 0.0011268
-0.0171752 0.00113281

-0.0171484 0.00110968
-0.0171525 0.00111328

-0.017168 0.00112699
-0.0171523 0.00111328

-0.0171875 0.00114322
-0.0171748 0.00113281

-0.0171484 0.00110985
-0.0171311 0.00109375

-0.0170117 0.000956193
-0.0170123 0.000957031

-0.0170123 0.000957031
-0.0170265 0.000976562

-0.0170117 0.000956077
-0.016999 0.0009375

-0.0170313 0.00098371
-0.0170259 0.000976562

-0.0168428 0
-0.0168429 1.95313e-05

-0.0168429 1.95312e-05
-0.016843 3.90625e-05

-0.016843 3.90625e-05
-0.0168431 5.85938e-05

-0.0168431 5.85938e-05
-0.0168433 7.8125e-05

-0.0168432 7.8125e-05
-0.0168435 9.76562e-05

-0.0168435 9.76563e-05
-0.0168437 0.000117187

-0.0168437 0.000117188
-0.0168441 0.000136719

-0.0168441 0.000136719
-0.0168444 0.00015625

-0.0168444 0.00015625
-0.0168449 0.000175781

-0.0168449 0.000175781
-0.0168454 0.000195313

-0.0168454 0.000195312
-0.016846 0.000214844

-0.016846 0.000214844
-0.0168466 0.000234375

-0.0168466 0.000234375
-0.0168473 0.000253906

-0.0168473 0.000253906
-0.0168481 0.000273438

-0.0168481 0.000273437
-0.0168489 0.000292969

-0.0168489 0.000292969
-0.0168498 0.0003125

-0.0168498 0.0003125
-0.0168507 0.000332031

-0.0168507 0.000332031
-0.0168517 0.000351563

-0.0168517 0.000351562
-0.0168528 0.000371094

-0.0168528 0.000371094
-0.0168538 0.000390625

-0.0168555 0.000418724
-0.0168561 0.000429688

-0.0168538 0.000390625
-0.016855 0.000410156

-0.0168555 0.000418728
-0.016855 0.000410156

-0.0168561 0.000429688
-0.0168573 0.000449219

-0.0168573 0.000449219
-0.0168586 0.00046875

-0.0168586 0.00046875
-0.0168599 0.000488281

-0.0168599 0.000488281
-0.0168614 0.000507813

-0.0168614 0.000507813
-0.0168629 0.000527344

-0.0168629 0.000527344
-0.0168646 0.000546875

-0.0168646 0.000546875
-0.0168666 0.000566406

-0.0168665 0.000566406
-0.0168688 0.000585937

-0.0168687 0.000585937
-0.0168713 0.000605469

-0.0168713 0.000605469
-0.0168742 0.000625

-0.016875 0.000631654
-0.0168738 0.000625

-0.0174805 0.00130652
-0.0174867 0.00130859

-0.0175 0.00131309
-0.0174865 0.00130859

-0.0174805 0.00130652
-0.0174609 0.00129951

-0.0174219 0.00128401
-0.0174342 0.00128906

-0.0174609 0.00129954
-0.0174414 0.00129207

-0.0174414 0.00129223
-0.0174337 0.00128906

-0.0174219 0.00128406
-0.0174023 0.00127557

-0.0173828 0.00126649
-0.0173894 0.00126953

-0.0174023 0.00127568
-0.0173891 0.00126953

-0.0173828 0.00126654
-0.0173633 0.00125697

-0.0173633 0.00125719
-0.0173494 0.00125

