-0.0168025 0
-0.0168025 1.95313e-05

-0.0168025 1.95312e-05
-0.0168024 3.90625e-05

-0.0168024 3.90625e-05
-0.0168023 5.85938e-05

-0.0168023 5.85938e-05
-0.0168021 7.8125e-05

-0.0168021 7.8125e-05
-0.0168019 9.76562e-05

-0.0168019 9.76563e-05
-0.0168016 0.000117187

-0.0168016 0.000117188
-0.0168013 0.000136719

-0.0168013 0.000136719
-0.0168009 0.00015625

-0.0168009 0.00015625
-0.0168004 0.000175781

-0.0168004 0.000175781
-0.0167998 0.000195313

-0.0167998 0.000195312
-0.0167991 0.000214844

-0.0167991 0.000214844
-0.0167983 0.000234375

-0.0167983 0.000234375
-0.0167973 0.000253906

-0.0167973 0.000253906
-0.0167969 0.000262072

-0.0167969 0.000262074
-0.0167962 0.000273438

-0.0167962 0.000273437
-0.016795 0.000292969

-0.016795 0.000292969
-0.0167935 0.0003125

-0.0167935 0.0003125
-0.0167918 0.000332031

-0.0167918 0.000332031
-0.0167898 0.000351563

-0.0167898 0.000351562
-0.0167875 0.000371094

-0.0167875 0.000371094
-0.0167848 0.000390625

-0.0167848 0.000390625
-0.0167817 0.000410156

-0.0167817 0.000410156
-0.0167782 0.000429688

-0.0167782 0.000429688
-0.0167773 0.000433981

-0.0167773 0.000433963
-0.0167742 0.000449219

-0.0167742 0.000449219
-0.0167697 0.00046875

-0.0167697 0.00046875
-0.0167647 0.000488281

-0.0167647 0.000488281
-0.0167592 0.000507813

-0.0167592 0.000507813
-0.0167578 0.000512532

-0.0167578 0.000512491
-0.0167533 0.000527344

-0.0167533 0.000527344
-0.0167469 0.000546875

-0.0167469 0.000546875
-0.0167402 0.000566406

-0.0167402 0.000566406
-0.0167383 0.000571668

-0.0167383 0.00057163
-0.0167331 0.000585937

-0.0167331 0.000585937
-0.0167258 0.000605469

-0.0167258 0.000605469
-0.0167187 0.000623897

-0.0167188 0.000623894
-0.0167183 0.000625

-0.0167183 0.000625
-0.0167107 0.000644531

-0.0167107 0.000644531
-0.0167029 0.000664063

-0.0167029 0.000664063
-0.0166992 0.000673142

-0.0166992 0.000673121
-0.016695 0.000683594

-0.016695 0.000683594
-0.0166869 0.000703125

-0.0166869 0.000703125
-0.0166797 0.000720337

-0.0166797 0.000720332
-0.0166787 0.000722656

-0.0166787 0.000722656
-0.0166703 0.000742188

-0.0166703 0.000742188
-0.0166617 0.000761719

-0.0166617 0.000761719
-0.0166602 0.000765161

-0.0166602 0.0007651
-0.0166528 0.00078125

-0.0166528 0.00078125
-0.0166436 0.000800781

-0.0166437 0.000800781
-0.0166406 0.000807022

-0.0166406 0.000806963
-0.0166341 0.000820313

-0.0166341 0.000820312
-0.0166242 0.000839844

-0.0166243 0.000839844
-0.0166211 0.000845844

-0.0166211 0.000845773
-0.0166139 0.000859375

-0.0166139 0.000859375
-0.0166031 0.000878906

-0.0166032 0.000878906
-0.0166016 0.000881702

-0.0166016 0.00088159
-0.0165918 0.000898438

-0.0165918 0.000898438
-0.016582 0.000914504

-0.016582 0.000914479
-0.0165799 0.000917969

-0.0165799 0.000917969
-0.0165674 0.0009375

-0.0165674 0.0009375
-0.0165625 0.00094485

-0.0165625 0.000944738
-0.0165542 0.000957031

-0.0165542 0.000957031
-0.016543 0.000972737

-0.016543 0.000972707
-0.0165402 0.000976562

-0.0165402 0.000976562
-0.0165254 0.000996094

-0.0165254 0.000996094
-0.0165234 0.000998651

-0.0165234 0.000998581
-0.0165097 0.00101563

-0.0165097 0.00101563
-0.0165039 0.00102251

-0.0165039 0.00102238
-0.016493 0.00103516

-0.0164929 0.00103516
-0.0164844 0.00104469

-0.0164844 0.0010446
-0.0164751 0.00105469

-0.016475 0.00105469
-0.0164648 0.00106529

-0.0164648 0.00106527
-0.0164559 0.00107422

-0.0164559 0.00107422
-0.0164453 0.00108449

-0.0164453 0.0010845
-0.0164353 0.00109375

-0.0164354 0.00109375
-0.0164258 0.0011024

-0.0164258 0.00110246
-0.0164131 0.00111328

-0.0164133 0.00111328
-0.0164062 0.00111918

-0.0164063 0.00111917
-0.0163892 0.00113281

-0.0163894 0.00113281
-0.0163867 0.00113492

-0.0163867 0.00113481
-0.0163672 0.00114949

-0.0163672 0.00114949
-0.0163631 0.00115234

-0.0163632 0.00115234
-0.0163477 0.00116327

-0.0163477 0.0011632
-0.0163345 0.00117187

-0.0163347 0.00117187
-0.0163281 0.00117614

-0.0163281 0.00117602
-0.0163086 0.00118808

-0.0163086 0.0011881
-0.0163029 0.00119141

-0.016303 0.00119141
-0.0162891 0.00119944

-0.0162891 0.00119931
-0.0162695 0.00120986

-0.0162695 0.0012099
-0.0162675 0.00121094

-0.0162676 0.00121094
-0.01625 0.00121981

-0.01625 0.00121968
-0.0162305 0.00122887

-0.0162305 0.00122892
-0.0162269 0.00123047

-0.0162271 0.00123047
-0.0162109 0.00123757

-0.0162109 0.00123745
-0.0161914 0.00124538

-0.0161914 0.00124539
-0.0161793 0.00125

-0.0154883 0.00124492
-0.0155034 0.00125

-0.0154883 0.00124489
-0.0154687 0.0012379

-0.0154687 0.0012379
-0.0154492 0.00123055

-0.0154297 0.00122282
-0.0154489 0.00123047

-0.0154492 0.00123059
-0.0154489 0.00123047

-0.0153906 0.00120608
-0.0154017 0.00121094

-0.0154297 0.00122277
-0.0154102 0.00121459

-0.0154102 0.00121463
-0.0154018 0.00121094

-0.0153125 0.0011674
-0.0153209 0.00117187

-0.0153906 0.00120601
-0.0153711 0.00119699

-0.0153516 0.00118763
-0.0153594 0.00119141

-0.0153711 0.00119701
-0.0153595 0.00119141

-0.0153516 0.00118755
-0.015332 0.00117766

-0.015332 0.00117767
-0.0153211 0.00117187

-0.015 0.000927948
-0.0150092 0.0009375

-0.0151758 0.00108127
-0.0151934 0.00109375

-0.0151562 0.00106689
-0.0151662 0.00107422

-0.0151758 0.00108119
-0.0151663 0.00107422

-0.0153125 0.00116731
-0.015293 0.00115651

-0.0152734 0.0011453
-0.0152856 0.00115234

-0.015293 0.00115652
-0.0152857 0.00115234

-0.0152344 0.00112124
-0.0152528 0.00113281

-0.0152734 0.00114523
-0.0152539 0.00113346

-0.0152539 0.00113346
-0.0152528 0.00113281

-0.0152148 0.00110851
-0.0152221 0.00111328

-0.0152344 0.0011212
-0.0152223 0.00111328

-0.0152148 0.00110841
-0.0151953 0.00109509

-0.0151953 0.00109508
-0.0151934 0.00109375

-0.0150781 0.00100301
-0.0150927 0.00101563

-0.0151367 0.00105193
-0.0151403 0.00105469

-0.0151367 0.0010518
-0.0151172 0.00103617

-0.0151562 0.0010668
-0.0151405 0.00105469

-0.0150977 0.00101992
-0.015116 0.00103516

-0.0151172 0.00103616
-0.015116 0.00103516

-0.0150977 0.00101985
-0.0150927 0.00101563

-0.0150391 0.00096706
-0.0150491 0.000976562

-0.0150586 0.000985445
-0.0150705 0.000996094

-0.0150781 0.00100289
-0.0150705 0.000996094

-0.0150586 0.000985268
-0.0150492 0.000976562

-0.0150195 0.000947915
-0.0150288 0.000957031

-0.0150391 0.000966945
-0.0150288 0.000957031

-0.0150195 0.000947856
-0.0150093 0.0009375

-0.0161796 0.00125
-0.0161719 0.00125292

-0.0161719 0.00125287
-0.0161523 0.00125967

-0.0161523 0.00125961
-0.0161328 0.00126591

-0.0161328 0.00126593
-0.0161208 0.00126953

-0.016121 0.00126953
-0.0161133 0.00127183

-0.0161133 0.00127181
-0.0160937 0.00127711

-0.0160938 0.00127707
-0.0160742 0.00128187

-0.0160742 0.00128186
-0.0160547 0.00128624

-0.0160547 0.00128627
-0.016041 0.00128906

-0.0160406 0.00128906
-0.0160352 0.00129017

-0.0160352 0.00129025
-0.0160156 0.00129376

-0.0160156 0.00129373
-0.0159961 0.00129678

-0.0159961 0.00129678
-0.0159766 0.00129943

-0.0159766 0.00129942
-0.015957 0.00130167

-0.015957 0.00130167
-0.0159375 0.00130353

-0.0159375 0.00130353
-0.015918 0.001305

-0.015918 0.001305
-0.0158984 0.00130609

-0.0158984 0.00130609
-0.0158789 0.0013068

-0.0158789 0.0013068
-0.0158594 0.00130714

-0.0158594 0.00130714
-0.0158398 0.0013071

-0.0158398 0.0013071
-0.0158203 0.0013067

-0.0158203 0.0013067
-0.0158008 0.00130593

-0.0158008 0.00130593
-0.0157812 0.0013048

-0.0157813 0.0013048
-0.0157617 0.00130331

-0.0157617 0.00130331
-0.0157422 0.00130146

-0.0157422 0.00130146
-0.0157227 0.00129927

-0.0157227 0.00129927
-0.0157031 0.00129672

-0.0157031 0.00129672
-0.0156836 0.00129382

-0.0156836 0.00129382
-0.0156641 0.00129058

-0.0156445 0.001287
-0.0156557 0.00128906

-0.0156445 0.001287
-0.015625 0.00128301

-0.0156641 0.0012906
-0.0156557 0.00128906

-0.015625 0.001283
-0.0156055 0.00127865

-0.0156055 0.00127864
-0.0155859 0.00127394

-0.0155664 0.00126893
-0.0155687 0.00126953

-0.0155859 0.00127396
-0.0155688 0.00126953

-0.0155664 0.00126893
-0.0155469 0.00126349

-0.0155469 0.00126347
-0.0155273 0.00125763

-0.0155273 0.00125762
-0.0155078 0.00125145

-0.0155078 0.00125149
-0.0155034 0.00125

-0.0146875 0.000391477
-0.0146933 0.000410156

-0.0146933 0.000410156
-0.0146996 0.000429688

-0.014707 0.000451335
-0.0147133 0.00046875

-0.0146996 0.000429688
-0.0147063 0.000449219

-0.014707 0.000451309
-0.0147063 0.000449219

-0.0147656 0.000591549
-0.0147725 0.000605469

-0.0147725 0.000605469
-0.0147825 0.000625

-0.0147266 0.000503317
-0.0147283 0.000507813

-0.0147284 0.000507813
-0.0147365 0.000527344

-0.0147365 0.000527344
-0.0147449 0.000546875

-0.0147133 0.00046875
-0.0147207 0.000488281

-0.0147266 0.000503178
-0.0147207 0.000488281

-0.0147461 0.000549581
-0.0147537 0.000566406

-0.0147537 0.000566406
-0.0147629 0.000585937

-0.0147461 0.000549542
-0.0147449 0.000546875

-0.0147656 0.000591477
-0.0147629 0.000585937

-0.0146302 0
-0.0146304 1.95313e-05

-0.0146304 1.95312e-05
-0.0146308 3.90625e-05

-0.0146308 3.90625e-05
-0.0146315 5.85938e-05

-0.0146315 5.85938e-05
-0.0146325 7.8125e-05

-0.0146325 7.8125e-05
-0.0146337 9.76562e-05

-0.0146337 9.76563e-05
-0.0146353 0.000117187

-0.0146353 0.000117188
-0.0146371 0.000136719

-0.0146371 0.000136719
-0.0146392 0.00015625

-0.0146484 0.000222407
-0.0146504 0.000234375

-0.0146392 0.00015625
-0.0146416 0.000175781

-0.0146416 0.000175781
-0.0146443 0.000195313

-0.0146443 0.000195312
-0.0146472 0.000214844

-0.0146484 0.000222379
-0.0146472 0.000214844

-0.0146504 0.000234375
-0.014654 0.000253906

-0.014654 0.000253906
-0.0146578 0.000273438

-0.0146578 0.000273437
-0.014662 0.000292969

-0.014662 0.000292969
-0.0146664 0.0003125

-0.014668 0.000319072
-0.0146711 0.000332031

-0.0146711 0.000332031
-0.0146762 0.000351563

-0.014668 0.000319031
-0.0146664 0.0003125

-0.0146762 0.000351562
-0.0146816 0.000371094

-0.0146816 0.000371094
-0.0146873 0.000390625

-0.0146875 0.000391465
-0.0146872 0.000390625

-0.0148437 0.000730285
-0.0148515 0.000742188

-0.0148633 0.000759817
-0.0148645 0.000761719

-0.0148647 0.000761719
-0.0148783 0.00078125

-0.0148633 0.000759629
-0.0148515 0.000742188

-0.0149219 0.000838983
-0.0149226 0.000839844

-0.0149227 0.000839844
-0.0149386 0.000859375

-0.0149609 0.000885324
-0.0149725 0.000898438

-0.0149805 0.000907099
-0.0149905 0.000917969

-0.015 0.000927921
-0.0149906 0.000917969

-0.0149805 0.000907099
-0.0149726 0.000898438

-0.0149414 0.000862642
-0.0149552 0.000878906

-0.0149609 0.000885358
-0.0149553 0.000878906

-0.0149414 0.000862634
-0.0149387 0.000859375

-0.0149023 0.000813792
-0.0149072 0.000820313

-0.0148828 0.00078744
-0.0148925 0.000800781

-0.0149023 0.000813681
-0.0148926 0.000800781

-0.0149219 0.000838799
-0.0149073 0.000820312

-0.0148828 0.000787454
-0.0148784 0.00078125

-0.0148242 0.00069917
-0.0148266 0.000703125

-0.0148047 0.000665808
-0.0148149 0.000683594

-0.0148242 0.000698998
-0.014815 0.000683594

-0.0147852 0.000630095
-0.0147928 0.000644531

-0.0147929 0.000644531
-0.0148037 0.000664063

-0.0147852 0.000630023
-0.0147825 0.000625

-0.0148047 0.000665784
-0.0148037 0.000664063

-0.0148267 0.000703125
-0.0148388 0.000722656

-0.0148437 0.000730194
-0.0148389 0.000722656

