-0.0194246 0
-0.0194245 1.95313e-05

-0.0194254 1.95312e-05
-0.0194231 3.90625e-05

-0.019425 3.90625e-05
-0.0194224 5.85938e-05

-0.0194224 5.85938e-05
-0.0194233 7.8125e-05

-0.0194214 7.8125e-05
-0.0194221 9.76562e-05

-0.0194211 9.76563e-05
-0.0194196 0.000117187

-0.0194196 0.000117188
-0.0194177 0.000136719

-0.0194177 0.000136719
-0.0194156 0.00015625

-0.0194156 0.00015625
-0.0194141 0.00016892

-0.0194141 0.000168919
-0.0194132 0.000175781

-0.0194132 0.000175781
-0.0194105 0.000195313

-0.0194105 0.000195312
-0.0194075 0.000214844

-0.0194075 0.000214844
-0.0194043 0.000234375

-0.0194043 0.000234375
-0.0194007 0.000253906

-0.0194007 0.000253906
-0.0193968 0.000273438

-0.0193968 0.000273437
-0.0193945 0.000284115

-0.0193945 0.000284618
-0.0193925 0.000292969

-0.0193931 0.000292969
-0.0193877 0.0003125

-0.0193889 0.0003125
-0.0193826 0.000332031

-0.0193833 0.000332031
-0.0193784 0.000351563

-0.0193777 0.000351562
-0.019375 0.000366241

-0.019375 0.000360985
-0.0193734 0.000371094

-0.0193729 0.000371094
-0.0193672 0.000390625

-0.0193672 0.000390625
-0.0193611 0.000410156

-0.0193611 0.000410156
-0.0193555 0.000427422

-0.0193555 0.000427421
-0.0193547 0.000429688

-0.0193547 0.000429688
-0.019348 0.000449219

-0.019348 0.000449219
-0.019341 0.00046875

-0.019341 0.00046875
-0.0193359 0.000482045

-0.0193359 0.000482041
-0.0193336 0.000488281

-0.0193336 0.000488281
-0.0193258 0.000507813

-0.0193258 0.000507813
-0.0193177 0.000527344

-0.0193177 0.000527344
-0.0193164 0.000530396

-0.0193164 0.000530383
-0.0193093 0.000546875

-0.0193093 0.000546875
-0.0193004 0.000566406

-0.0193004 0.000566406
-0.0192969 0.000573893

-0.0192969 0.000573883
-0.0192912 0.000585937

-0.0192912 0.000585937
-0.0192816 0.000605469

-0.0192816 0.000605469
-0.0192773 0.000613693

-0.0192773 0.000613683
-0.0192715 0.000625

-0.0192715 0.000625
-0.0192611 0.000644531

-0.0192611 0.000644531
-0.0192578 0.000650456

-0.0192578 0.000650443
-0.0192502 0.000664063

-0.0192502 0.000664063
-0.0192389 0.000683594

-0.0192389 0.000683594
-0.0192383 0.000684692

-0.0192383 0.000684685
-0.0192272 0.000703125

-0.0192272 0.000703125
-0.0192187 0.000716597

-0.0192187 0.000716588
-0.019215 0.000722656

-0.019215 0.000722656
-0.0192022 0.000742188

-0.0192022 0.000742188
-0.0191992 0.000746713

-0.0191992 0.00074667
-0.019189 0.000761719

-0.019189 0.000761719
-0.0191797 0.000775013

-0.0191797 0.000774966
-0.0191753 0.00078125

-0.0191753 0.00078125
-0.019161 0.000800781

-0.019161 0.000800781
-0.0191602 0.000801856

-0.0191602 0.000801928
-0.0191462 0.000820313

-0.0191461 0.000820312
-0.0191406 0.000827382

-0.0191406 0.000827345
-0.0191307 0.000839844

-0.0191307 0.000839844
-0.0191211 0.000851621

-0.0191211 0.000851542
-0.0191147 0.000859375

-0.0191146 0.000859375
-0.0191016 0.000874678

-0.0191016 0.000874679
-0.0190979 0.000878906

-0.0190979 0.000878906
-0.019082 0.000896725

-0.019082 0.000896737
-0.0190805 0.000898438

-0.0190805 0.000898438
-0.0190625 0.000917803

-0.0190625 0.000917806
-0.0190623 0.000917969

-0.0190624 0.000917969
-0.0190434 0.0009375

-0.0190434 0.0009375
-0.019043 0.000937898

-0.019043 0.000937949
-0.0190236 0.000957031

-0.0190236 0.000957031
-0.0190234 0.000957203

-0.0190234 0.000957228
-0.0190039 0.000975718

-0.0190039 0.000975715
-0.019003 0.000976562

-0.019003 0.000976562
-0.0189844 0.000993442

-0.0189844 0.000993437
-0.0189814 0.000996094

-0.0189813 0.000996094
-0.0189648 0.00101045

-0.0189648 0.00101047
-0.0189587 0.00101563

-0.0189587 0.00101563
-0.0189453 0.00102675

-0.0189453 0.00102685
-0.0189349 0.00103516

-0.018935 0.00103516
-0.0189258 0.00104239

-0.0189258 0.0010425
-0.01891 0.00105469

-0.01891 0.00105469
-0.0189062 0.00105754

-0.0189062 0.00105756
-0.0188867 0.00107208

-0.0188867 0.00107209
-0.0188837 0.00107422

-0.0188837 0.00107422
-0.0188672 0.00108605

-0.0188672 0.00108605
-0.018856 0.00109375

-0.018856 0.00109375
-0.0188477 0.00109945

-0.0188477 0.00109947
-0.0188281 0.0011124

-0.0188281 0.00111241
-0.0188267 0.00111328

-0.0188267 0.00111328
-0.0188086 0.00112485

-0.0188086 0.00112485
-0.0187956 0.00113281

-0.0187956 0.00113281
-0.0187891 0.00113682

-0.0187891 0.00113681
-0.0187695 0.00114836

-0.0187695 0.00114836
-0.0187625 0.00115234

-0.0187625 0.00115234
-0.01875 0.00115948

-0.01875 0.00115946
-0.0187305 0.00117016

-0.0187305 0.00117017
-0.0187272 0.00117187

-0.0187273 0.00117187
-0.0187109 0.00118049

-0.0187109 0.00118046
-0.0186914 0.00119039

-0.0186914 0.0011904
-0.0186893 0.00119141

-0.0186894 0.00119141
-0.0186719 0.00119997

-0.0186719 0.00119994
-0.0186523 0.00120915

-0.0186523 0.00120915
-0.0186484 0.00121094

-0.0186485 0.00121094
-0.0186328 0.00121804

-0.0186328 0.00121802
-0.0186133 0.00122654

-0.0186133 0.00122654
-0.0186039 0.00123047

-0.018604 0.00123047
-0.0185937 0.00123477

-0.0185938 0.00123476
-0.0185742 0.00124265

-0.0185742 0.00124262
-0.0185552 0.00125

-0.0175586 0.00124341
-0.0175725 0.00125

-0.0175586 0.00124337
-0.0175391 0.00123363

-0.0175195 0.0012234
-0.017533 0.00123047

-0.0175391 0.00123365
-0.017533 0.00123047

-0.0175195 0.00122336
-0.0175 0.00121252

-0.0185553 0.00125
-0.0185547 0.00125024

-0.0185547 0.00125024
-0.0185352 0.00125753

-0.0185352 0.00125751
-0.0185156 0.00126449

-0.0185156 0.00126447
-0.0185009 0.00126953

-0.018501 0.00126953
-0.0184961 0.00127121

-0.0184961 0.0012712
-0.0184766 0.00127762

-0.0184766 0.00127761
-0.018457 0.00128373

-0.018457 0.00128372
-0.0184392 0.00128906

-0.0184393 0.00128906
-0.0184375 0.00128961

-0.0184375 0.00128961
-0.018418 0.00129521

-0.018418 0.0012952
-0.0183984 0.0013005

-0.0183984 0.00130049
-0.0183789 0.00130553

-0.0183789 0.00130553
-0.0183664 0.00130859

-0.0183665 0.00130859
-0.0183594 0.00131035

-0.0183594 0.00131034
-0.0183398 0.00131487

-0.0183398 0.00131486
-0.0183203 0.0013191

-0.0183203 0.00131912
-0.0183008 0.00132305

-0.0183008 0.00132228
-0.0182812 0.00132603

-0.0182931 0.00132813
-0.0182812 0.00133039

-0.0182813 0.00132354
-0.0182617 0.00132708

-0.0182617 0.00130854
-0.0182616 0.00130859

-0.0182617 0.00132413
-0.0182422 0.00132745

-0.0182422 0.00132651
-0.0182332 0.00132813

-0.0182227 0.00132803
-0.018222 0.00132813

-0.0182813 0.00132954
-0.0182617 0.00133324

-0.0182617 0.0013326
-0.0182422 0.00133592

-0.0182422 0.00133406
-0.0182227 0.00133711

-0.0182227 0.00133671
-0.0182031 0.00133934

-0.0182031 0.00133932
-0.0181836 0.00134166

-0.0181836 0.00134166
-0.0181641 0.00134377

-0.0181641 0.00134378
-0.0181445 0.00134563

-0.0181445 0.00134564
-0.018125 0.00134721

-0.018125 0.00134727
-0.0181191 0.00134766

-0.018118 0.00134766
-0.0181055 0.00134848

-0.0181055 0.00134851
-0.0180859 0.00134947

-0.0180859 0.00134947
-0.0180664 0.00135011

-0.0180664 0.0013501
-0.0180469 0.00135043

-0.0180469 0.00135043
-0.0180273 0.00135045

-0.0180273 0.00135046
-0.0180078 0.00135017

-0.0180078 0.00135017
-0.0179883 0.00134956

-0.0179883 0.00134956
-0.0179687 0.00134861

-0.0179688 0.00134855
-0.017955 0.00134766

-0.0179492 0.00134735
-0.0179297 0.00134574

-0.0179297 0.00134573
-0.0179102 0.00134377

-0.0179102 0.00134378
-0.0178906 0.00134147

-0.0178906 0.00134147
-0.0178711 0.0013388

-0.0178711 0.0013388
-0.0178516 0.00133578

-0.0178516 0.00133578
-0.017832 0.0013324

-0.017832 0.0013324
-0.0178125 0.00132866

-0.017793 0.00132456
-0.0178099 0.00132813

-0.017793 0.00132454
-0.0177734 0.00132003

-0.0177734 0.00132003
-0.0177539 0.00131514

-0.0177539 0.00131515
-0.0177344 0.00130988

-0.0178125 0.00132852
-0.0178106 0.00132813

-0.0177148 0.00130425
-0.0177298 0.00130859

-0.0177344 0.00130982
-0.0177302 0.00130859

-0.0177148 0.00130422
-0.0176953 0.00129813

-0.0176562 0.00128479
-0.0176683 0.00128906

-0.0176953 0.00129813
-0.0176758 0.00129165

-0.0176758 0.00129163
-0.0176685 0.00128906

-0.0176563 0.00128475
-0.0176367 0.00127739

-0.0176367 0.0012774
-0.0176172 0.00126961

-0.0175977 0.00126137
-0.0176169 0.00126953

-0.0176172 0.00126961
-0.017617 0.00126953

-0.0175977 0.00126134
-0.0175781 0.0012526

-0.0175781 0.00125262
-0.0175726 0.00125

-0.0170361 0
-0.0170361 1.95313e-05

-0.0170361 1.95312e-05
-0.0170361 3.90625e-05

-0.0170361 3.90625e-05
-0.0170362 5.85938e-05

-0.0170362 5.85938e-05
-0.0170363 7.8125e-05

-0.0170363 7.8125e-05
-0.0170365 9.76562e-05

-0.0170365 9.76563e-05
-0.0170367 0.000117187

-0.0170367 0.000117188
-0.0170369 0.000136719

-0.0170369 0.000136719
-0.0170372 0.00015625

-0.0170372 0.00015625
-0.0170375 0.000175781

-0.0170375 0.000175781
-0.0170379 0.000195313

-0.0170379 0.000195312
-0.0170383 0.000214844

-0.0170383 0.000214844
-0.0170388 0.000234375

-0.0170388 0.000234375
-0.0170393 0.000253906

-0.0170393 0.000253906
-0.0170399 0.000273438

-0.0170399 0.000273437
-0.0170405 0.000292969

-0.0170405 0.000292969
-0.0170412 0.0003125

-0.0170412 0.0003125
-0.0170419 0.000332031

-0.0170419 0.000332031
-0.0170427 0.000351563

-0.0170427 0.000351562
-0.0170435 0.000371094

-0.0170435 0.000371094
-0.0170443 0.000390625

-0.0170443 0.000390625
-0.0170452 0.000410156

-0.0170452 0.000410156
-0.0170462 0.000429688

-0.0170462 0.000429688
-0.0170472 0.000449219

-0.0170472 0.000449219
-0.0170483 0.00046875

-0.0170508 0.000507162
-0.0170508 0.000507813

-0.0170483 0.00046875
-0.0170495 0.000488281

-0.0170495 0.000488281
-0.0170508 0.000507813

-0.0170508 0.000507977
-0.0170523 0.000527344

-0.0170523 0.000527344
-0.017054 0.000546875

-0.0170508 0.000507941
-0.0170508 0.000507813

-0.017054 0.000546875
-0.017056 0.000566406

-0.017056 0.000566406
-0.0170583 0.000585937

-0.0170583 0.000585937
-0.017061 0.000605469

-0.0170609 0.000605469
-0.0170641 0.000625

-0.0171875 0.000927139
-0.0171945 0.0009375

-0.0174219 0.00116322
-0.0174346 0.00117187

-0.0174805 0.00120115
-0.0174973 0.00121094

-0.0174609 0.0011892
-0.0174645 0.00119141

-0.0174805 0.00120115
-0.0174646 0.00119141

-0.0175 0.00121254
-0.0174972 0.00121094

-0.0174609 0.00118916
-0.0174414 0.00117652

-0.0174414 0.0011765
-0.0174345 0.00117187

-0.0174023 0.00114921
-0.0174067 0.00115234

-0.0174219 0.00116322
-0.0174068 0.00115234

-0.0174023 0.00114918
-0.0173828 0.0011344

-0.0173633 0.00111887
-0.0173808 0.00113281

-0.0173437 0.0011025
-0.0173566 0.00111328

-0.0173633 0.00111882
-0.0173565 0.00111328

-0.0173828 0.00113443
-0.0173807 0.00113281

-0.0173242 0.00108512
-0.0173339 0.00109375

-0.0173047 0.00106665
-0.0173126 0.00107422

-0.0173242 0.00108519
-0.0173123 0.00107422

-0.0172852 0.0010471
-0.0172926 0.00105469

-0.0172656 0.00102629
-0.0172737 0.00103516

-0.0172852 0.00104741
-0.0172735 0.00103516

-0.0173047 0.00106683
-0.0172924 0.00105469

-0.0172461 0.00100406
-0.0172559 0.00101563

-0.0172266 0.000980555
-0.0172391 0.000996094

-0.0172461 0.00100431
-0.0172392 0.000996094

-0.017207 0.000954678
-0.0172087 0.000957031

-0.0172085 0.000957031
-0.0172234 0.000976562

-0.017207 0.000955028
-0.0171944 0.0009375

-0.0172266 0.00098055
-0.0172234 0.000976562

-0.0172656 0.00102676
-0.0172558 0.00101563

-0.0173438 0.00110238
-0.0173338 0.00109375

-0.0171094 0.00078119
-0.0171094 0.00078125

-0.0170703 0.00065665
-0.0170719 0.000664063

-0.0170718 0.000664063
-0.0170765 0.000683594

-0.0170765 0.000683594
-0.0170818 0.000703125

-0.0170641 0.000625
-0.0170677 0.000644531

-0.0170703 0.000657225
-0.0170676 0.000644531

-0.0170898 0.000728612
-0.0170944 0.000742188

-0.0170818 0.000703125
-0.0170877 0.000722656

-0.0170898 0.000729864
-0.0170874 0.000722656

-0.0170943 0.000742188
-0.0171014 0.000761719

-0.0171014 0.000761719
-0.0171092 0.00078125

-0.0171094 0.000781736
-0.0171175 0.000800781

-0.0171175 0.000800781
-0.0171265 0.000820313

-0.0171289 0.000825234
-0.0171361 0.000839844

-0.0171361 0.000839844
-0.0171464 0.000859375

-0.0171289 0.00082529
-0.0171265 0.000820312

-0.017168 0.000896369
-0.0171692 0.000898438

-0.0171484 0.000863046
-0.0171573 0.000878906

-0.017168 0.000896756
-0.0171573 0.000878906

-0.017169 0.000898438
-0.0171814 0.000917969

-0.0171875 0.00092724
-0.0171813 0.000917969

-0.0171484 0.000863145
-0.0171463 0.000859375

-0.0171094 0.000781852
-0.0171091 0.00078125

