-0.0154909 0
-0.0154906 1.95313e-05

-0.0154906 1.95312e-05
-0.0154896 3.90625e-05

-0.0154896 3.90625e-05
-0.0154883 5.56851e-05

-0.0154883 5.5678e-05
-0.015488 5.85938e-05

-0.015488 5.85938e-05
-0.0154858 7.8125e-05

-0.0154858 7.8125e-05
-0.015483 9.76562e-05

-0.015483 9.76563e-05
-0.0154797 0.000117187

-0.0154797 0.000117188
-0.0154759 0.000136719

-0.0154758 0.000136719
-0.0154716 0.00015625

-0.0154716 0.00015625
-0.0154687 0.000167863

-0.0154687 0.000167835
-0.0154668 0.000175781

-0.0154668 0.000175781
-0.0154617 0.000195313

-0.0154617 0.000195312
-0.0154561 0.000214844

-0.0154561 0.000214844
-0.0154503 0.000234375

-0.0154503 0.000234375
-0.0154492 0.000237878

-0.0154492 0.000237822
-0.0154442 0.000253906

-0.0154441 0.000253906
-0.0154377 0.000273438

-0.0154377 0.000273437
-0.0154311 0.000292969

-0.0154311 0.000292969
-0.0154297 0.000296883

-0.0154297 0.000296838
-0.0154242 0.0003125

-0.0154242 0.0003125
-0.0154171 0.000332031

-0.0154171 0.000332031
-0.0154102 0.000351085

-0.0154102 0.000351083
-0.01541 0.000351563

-0.01541 0.000351562
-0.0154027 0.000371094

-0.0154027 0.000371094
-0.0153953 0.000390625

-0.0153953 0.000390625
-0.0153906 0.000402985

-0.0153906 0.000402971
-0.0153879 0.000410156

-0.0153879 0.000410156
-0.0153804 0.000429688

-0.0153804 0.000429688
-0.0153728 0.000449219

-0.0153728 0.000449219
-0.0153711 0.00045373

-0.0153711 0.000453707
-0.0153652 0.00046875

-0.0153652 0.00046875
-0.0153576 0.000488281

-0.0153576 0.000488281
-0.0153516 0.000503562

-0.0153516 0.000503556
-0.0153499 0.000507813

-0.0153499 0.000507813
-0.0153421 0.000527344

-0.0153421 0.000527344
-0.0153343 0.000546875

-0.0153343 0.000546875
-0.015332 0.000552492

-0.015332 0.000552472
-0.0153264 0.000566406

-0.0153264 0.000566406
-0.0153184 0.000585937

-0.0153184 0.000585937
-0.0153125 0.000600272

-0.0153125 0.000600265
-0.0153104 0.000605469

-0.0153104 0.000605469
-0.0153022 0.000625

-0.0153022 0.000625
-0.0152939 0.000644531

-0.0152939 0.000644531
-0.015293 0.000646774

-0.015293 0.00064675
-0.0152855 0.000664063

-0.0152855 0.000664063
-0.015277 0.000683594

-0.015277 0.000683594
-0.0152734 0.000691723

-0.0152734 0.000691707
-0.0152684 0.000703125

-0.0152684 0.000703125
-0.0152596 0.000722656

-0.0152596 0.000722656
-0.0152539 0.000735096

-0.0152539 0.000735086
-0.0152507 0.000742188

-0.0152507 0.000742188
-0.0152415 0.000761719

-0.0152416 0.000761719
-0.0152344 0.00077681

-0.0152344 0.000776804
-0.0152323 0.00078125

-0.0152323 0.00078125
-0.0152228 0.000800781

-0.0152228 0.000800781
-0.0152148 0.00081682

-0.0152148 0.000816816
-0.0152131 0.000820313

-0.0152131 0.000820312
-0.0152032 0.000839844

-0.0152032 0.000839844
-0.0151953 0.00085512

-0.0151953 0.000855114
-0.0151931 0.000859375

-0.0151931 0.000859375
-0.0151827 0.000878906

-0.0151828 0.000878906
-0.0151758 0.000891728

-0.0151758 0.000891718
-0.0151721 0.000898438

-0.0151721 0.000898438
-0.0151612 0.000917969

-0.0151612 0.000917969
-0.0151562 0.000926689

-0.0151562 0.000926672
-0.01515 0.0009375

-0.0151501 0.0009375
-0.0151385 0.000957031

-0.0151385 0.000957031
-0.0151367 0.000960088

-0.0151367 0.000960048
-0.0151267 0.000976562

-0.0151267 0.000976562
-0.0151172 0.000991807

-0.0151172 0.000991789
-0.0151145 0.000996094

-0.0151145 0.000996094
-0.0151019 0.00101563

-0.0151019 0.00101563
-0.0150977 0.00102208

-0.0150977 0.00102203
-0.0150889 0.00103516

-0.0150889 0.00103516
-0.0150781 0.00105082

-0.0150781 0.00105078
-0.0150755 0.00105469

-0.0150755 0.00105469
-0.0150615 0.00107422

-0.0150615 0.00107422
-0.0150586 0.00107818

-0.0150586 0.00107816
-0.015047 0.00109375

-0.015047 0.00109375
-0.0150391 0.00110412

-0.0150391 0.00110401
-0.015032 0.00111328

-0.015032 0.00111328
-0.0150195 0.00112869

-0.0150195 0.00112869
-0.0150162 0.00113281

-0.0150162 0.00113281
-0.015 0.00115204

-0.015 0.00115205
-0.0149997 0.00115234

-0.0149998 0.00115234
-0.0149825 0.00117187

-0.0149824 0.00117187
-0.0149805 0.00117404

-0.0149805 0.00117407
-0.0149643 0.00119141

-0.0149642 0.00119141
-0.0149609 0.00119485

-0.0149609 0.00119488
-0.0149451 0.00121094

-0.014945 0.00121094
-0.0149414 0.00121447

-0.0149414 0.00121454
-0.0149245 0.00123047

-0.0149246 0.00123047
-0.0149219 0.00123294

-0.0149219 0.00123298
-0.0149027 0.00125

-0.0140039 0.00123625
-0.0140228 0.00125

-0.0139844 0.00122127
-0.0139964 0.00123047

-0.0140039 0.00123628
-0.0139961 0.00123047

-0.0139258 0.00117148
-0.0139262 0.00117187

-0.0139258 0.00117158
-0.0139063 0.00115323

-0.0139648 0.00120551
-0.0139716 0.00121094

-0.0139453 0.00118902
-0.0139481 0.00119141

-0.0139648 0.00120558
-0.0139481 0.00119141

-0.0139844 0.00122139
-0.0139714 0.00121094

-0.0139453 0.00118904
-0.0139261 0.00117187

-0.0138477 0.00109196
-0.0138492 0.00109375

-0.0138281 0.00106956
-0.0138321 0.00107422

-0.0138477 0.00109222
-0.0138319 0.00107422

-0.01375 0.000966595
-0.0137568 0.000976562

-0.0137695 0.000994456
-0.0137707 0.000996094

-0.0137705 0.000996094
-0.0137849 0.00101563

-0.0137695 0.000994805
-0.0137566 0.000976562

-0.0138086 0.0010457
-0.0138157 0.00105469

-0.0137891 0.00102094
-0.0138 0.00103516

-0.0138086 0.00104621
-0.0137999 0.00103516

-0.0138281 0.00106983
-0.0138155 0.00105469

-0.0137891 0.00102111
-0.013785 0.00101563

-0.0138672 0.00111359
-0.0138857 0.00113281

-0.0138867 0.00113395
-0.0139053 0.00115234

-0.0139062 0.00115325
-0.0139053 0.00115234

-0.0138867 0.0011339
-0.0138857 0.00113281

-0.0138489 0.00109375
-0.0138668 0.00111328

-0.0138672 0.00111364
-0.0138668 0.00111328

-0.0149027 0.00125
-0.0149023 0.00125029

-0.0149023 0.00125028
-0.0148828 0.00126651

-0.0148828 0.00126651
-0.014879 0.00126953

-0.0148789 0.00126953
-0.0148633 0.00128168

-0.0148633 0.00128169
-0.0148531 0.00128906

-0.0148531 0.00128906
-0.0148437 0.00129577

-0.0148437 0.0012958
-0.0148247 0.00130859

-0.0148247 0.00130859
-0.0148242 0.00130892

-0.0148242 0.0013089
-0.0148047 0.00132106

-0.0148047 0.00132107
-0.0147924 0.00132813

-0.0147924 0.00132813
-0.0147852 0.0013323

-0.0147852 0.00133224
-0.0147656 0.00134254

-0.0147656 0.00134257
-0.014755 0.00134766

-0.0147552 0.00134766
-0.0147461 0.00135201

-0.0147461 0.00135193
-0.0147266 0.00136044

-0.0147266 0.00136043
-0.0147095 0.00136719

-0.0147097 0.00136719
-0.014707 0.00136824

-0.014707 0.00136822
-0.0146875 0.00137513

-0.0146875 0.00137507
-0.014668 0.00138119

-0.014668 0.00138121
-0.0146484 0.00138661

-0.0146484 0.00138661
-0.014648 0.00138672

-0.014648 0.00138672
-0.0146289 0.00139125

-0.0146289 0.00139122
-0.0146094 0.00139516

-0.0146094 0.00139514
-0.0145898 0.00139847

-0.0145898 0.00139845
-0.0145703 0.00140124

-0.0145703 0.00140126
-0.0145508 0.0014035

-0.0145508 0.00140351
-0.0145312 0.00140518

-0.0145312 0.00140522
-0.0145117 0.00140622

-0.0145117 0.00140622
-0.0145101 0.00140625

-0.0144727 0.00140616
-0.0144803 0.00140625

-0.0144531 0.0014055
-0.0144717 0.00140625

-0.0144531 0.00140549
-0.0144336 0.00140417

-0.0144336 0.00140416
-0.0144141 0.00140237

-0.0144141 0.00140238
-0.0143945 0.00140011

-0.0143945 0.00140012
-0.014375 0.00139734

-0.0145071 0.00140625
-0.0144922 0.00140652

-0.0144922 0.00140655
-0.0144727 0.00140632

-0.0144727 0.00140632
-0.014471 0.00140625

-0.014375 0.00139735
-0.0143555 0.00139403

-0.0143555 0.00139403
-0.0143359 0.00139014

-0.0143164 0.00138562
-0.0143212 0.00138672

-0.0143359 0.00139015
-0.0143208 0.00138672

-0.0143164 0.00138572
-0.0142969 0.00138079

-0.0143164 0.00138674
-0.0143163 0.00138672

-0.0142969 0.0013808
-0.0142773 0.00137531

-0.0142969 0.00138674
-0.0142968 0.00138672

-0.0142773 0.00137529
-0.0142578 0.00136926

-0.0142383 0.00136269
-0.0142516 0.00136719

-0.0142383 0.00136269
-0.0142188 0.00135552

-0.0142578 0.00136931
-0.0142515 0.00136719

-0.0142383 0.00136722
-0.0142382 0.00136719

-0.0141406 0.00132111
-0.014155 0.00132813

-0.0142187 0.00135553
-0.0141992 0.00134781

-0.0141797 0.00133951
-0.0141988 0.00134766

-0.0141992 0.00134784
-0.0141988 0.00134766

-0.0141797 0.00133947
-0.0141602 0.00133057

-0.0141602 0.00133063
-0.014155 0.00132813

-0.0141406 0.00132105
-0.0141211 0.00131092

-0.0141016 0.00130024
-0.0141168 0.00130859

-0.0141211 0.00131097
-0.0141168 0.00130859

-0.014082 0.00128888
-0.0140824 0.00128906

-0.014082 0.0012888
-0.0140625 0.00127675

-0.0141016 0.0013002
-0.0140825 0.00128906

-0.014043 0.00126401
-0.0140514 0.00126953

-0.0140625 0.00127678
-0.0140514 0.00126953

-0.014043 0.00126395
-0.0140234 0.00125043

-0.0140234 0.00125043
-0.0140228 0.00125

-0.0134766 2.05712e-05
-0.0134768 3.90625e-05

-0.0134768 3.90625e-05
-0.0134773 5.85938e-05

-0.0134773 5.85938e-05
-0.013478 7.8125e-05

-0.0134764 0
-0.0134765 1.95313e-05

-0.0134766 2.05744e-05
-0.0134765 1.95312e-05

-0.013478 7.8125e-05
-0.0134788 9.76562e-05

-0.0134788 9.76563e-05
-0.0134799 0.000117187

-0.0134799 0.000117188
-0.0134811 0.000136719

-0.0134811 0.000136719
-0.0134825 0.00015625

-0.0134825 0.00015625
-0.0134841 0.000175781

-0.0134841 0.000175781
-0.013486 0.000195313

-0.013486 0.000195312
-0.013488 0.000214844

-0.013488 0.000214844
-0.0134901 0.000234375

-0.0134901 0.000234375
-0.0134925 0.000253906

-0.0134925 0.000253906
-0.0134951 0.000273438

-0.0134961 0.000280513
-0.0134979 0.000292969

-0.0134979 0.000292969
-0.0135009 0.0003125

-0.0134961 0.000280494
-0.0134951 0.000273437

-0.0135156 0.000393814
-0.013519 0.000410156

-0.013519 0.000410156
-0.0135233 0.000429688

-0.0135234 0.000429688
-0.0135279 0.000449219

-0.0135279 0.000449219
-0.0135326 0.00046875

-0.0135009 0.0003125
-0.0135041 0.000332031

-0.0135041 0.000332031
-0.0135076 0.000351563

-0.0135076 0.000351562
-0.0135112 0.000371094

-0.0135112 0.000371094
-0.013515 0.000390625

-0.0135156 0.00039379
-0.013515 0.000390625

-0.0135352 0.000478967
-0.0135375 0.000488281

-0.0135375 0.000488281
-0.0135427 0.000507813

-0.0135352 0.000478884
-0.0135326 0.00046875

-0.0135427 0.000507813
-0.0135482 0.000527344

-0.0135482 0.000527344
-0.0135539 0.000546875

-0.0135547 0.000549508
-0.0135599 0.000566406

-0.0135599 0.000566406
-0.0135661 0.000585937

-0.0135742 0.000610422
-0.0135793 0.000625

-0.0135661 0.000585937
-0.0135725 0.000605469

-0.0135742 0.000610363
-0.0135725 0.000605469

-0.0135547 0.000549468
-0.0135539 0.000546875

-0.0135937 0.000664476
-0.0136012 0.000683594

-0.0136012 0.000683594
-0.013609 0.000703125

-0.0136328 0.000757956
-0.0136345 0.000761719

-0.0136346 0.000761719
-0.0136437 0.00078125

-0.0136133 0.000713361
-0.0136172 0.000722656

-0.0136173 0.000722656
-0.0136258 0.000742188

-0.0136133 0.000713238
-0.013609 0.000703125

-0.0136328 0.000757927
-0.0136257 0.000742188

-0.0136719 0.000837155
-0.0136733 0.000839844

-0.0136734 0.000839844
-0.013684 0.000859375

-0.0137305 0.00093736
-0.0137306 0.0009375

-0.0137109 0.0009059
-0.0137183 0.000917969

-0.0137305 0.000937343
-0.0137182 0.000917969

-0.0136914 0.000872667
-0.0136949 0.000878906

-0.0136949 0.000878906
-0.0137064 0.000898438

-0.0136914 0.000872823
-0.0136838 0.000859375

-0.0137109 0.000905977
-0.0137063 0.000898438

-0.0136523 0.000799068
-0.0136532 0.000800781

-0.0136533 0.000800781
-0.0136631 0.000820313

-0.0136523 0.00079896
-0.0136437 0.00078125

-0.0136719 0.00083718
-0.013663 0.000820312

-0.0135793 0.000625
-0.0135863 0.000644531

-0.0135863 0.000644531
-0.0135936 0.000664063

-0.0135937 0.000664475
-0.0135936 0.000664063

-0.0137306 0.0009375
-0.0137434 0.000957031

-0.01375 0.000966953
-0.0137433 0.000957031

