-0.015625 0.000408799
-0.0156252 0.000410156

-0.0156252 0.000410156
-0.0156269 0.000429688

-0.0156269 0.000429688
-0.015628 0.000449219

-0.015628 0.000449219
-0.0156286 0.00046875

-0.0156286 0.00046875
-0.0156286 0.000488281

-0.0156286 0.000488281
-0.0156281 0.000507813

-0.0156281 0.000507813
-0.015627 0.000527344

-0.015627 0.000527344
-0.0156254 0.000546875

-0.0156254 0.000546875
-0.015625 0.000550077

-0.0155724 0
-0.0155726 1.95313e-05

-0.0155726 1.95312e-05
-0.0155732 3.90625e-05

-0.0155732 3.90625e-05
-0.0155742 5.85938e-05

-0.0155742 5.85938e-05
-0.0155756 7.8125e-05

-0.0155756 7.8125e-05
-0.0155773 9.76562e-05

-0.0155773 9.76563e-05
-0.0155793 0.000117187

-0.0155793 0.000117188
-0.0155817 0.000136719

-0.0155817 0.000136719
-0.0155843 0.00015625

-0.0155859 0.000167497
-0.0155871 0.000175781

-0.0155872 0.000175781
-0.0155902 0.000195313

-0.0155902 0.000195312
-0.0155934 0.000214844

-0.0155934 0.000214844
-0.0155967 0.000234375

-0.0155859 0.000167496
-0.0155843 0.00015625

-0.0155968 0.000234375
-0.0156002 0.000253906

-0.0156002 0.000253906
-0.0156037 0.000273438

-0.0156055 0.000283224
-0.0156072 0.000292969

-0.0156073 0.000292969
-0.0156107 0.0003125

-0.0156055 0.000283198
-0.0156037 0.000273437

-0.0156107 0.0003125
-0.0156141 0.000332031

-0.0156141 0.000332031
-0.0156173 0.000351563

-0.0156173 0.000351562
-0.0156203 0.000371094

-0.0156203 0.000371094
-0.0156229 0.000390625

-0.015625 0.000408792
-0.0156229 0.000390625

-0.015625 0.000550088
-0.0156232 0.000566406

-0.0156232 0.000566406
-0.0156205 0.000585937

-0.0156205 0.000585937
-0.0156174 0.000605469

-0.0156174 0.000605469
-0.0156137 0.000625

-0.0156137 0.000625
-0.0156096 0.000644531

-0.0156096 0.000644531
-0.0156055 0.000661725

-0.0156055 0.000661725
-0.0156049 0.000664063

-0.0156049 0.000664063
-0.0155998 0.000683594

-0.0155998 0.000683594
-0.0155942 0.000703125

-0.0155942 0.000703125
-0.0155881 0.000722656

-0.0155881 0.000722656
-0.0155859 0.000728921

-0.0155859 0.000728922
-0.0155815 0.000742188

-0.0155815 0.000742188
-0.0155744 0.000761719

-0.0155744 0.000761719
-0.0155668 0.00078125

-0.0155668 0.00078125
-0.0155664 0.000782113

-0.0155663 0.00078125
-0.0155591 0.000800781

-0.0155587 0.000800781
-0.01555 0.000820313

-0.0155501 0.000820312
-0.0155469 0.000827106

-0.0155469 0.000827104
-0.0155409 0.000839844

-0.0155409 0.000839844
-0.0155313 0.000859375

-0.0155313 0.000859375
-0.0155273 0.000866861

-0.0155273 0.00086642
-0.0155213 0.000878906

-0.015521 0.000878906
-0.0155103 0.000898438

-0.0155103 0.000898438
-0.0155078 0.000902704

-0.0155078 0.000902694
-0.0154989 0.000917969

-0.0154989 0.000917969
-0.0154883 0.000935418

-0.0154883 0.000935406
-0.015487 0.0009375

-0.015487 0.0009375
-0.0154745 0.000957031

-0.0154745 0.000957031
-0.0154687 0.000965519

-0.0154687 0.000965499
-0.0154613 0.000976562

-0.0154613 0.000976562
-0.0154492 0.000993577

-0.0154492 0.000993927
-0.0154471 0.000996094

-0.015448 0.000996094
-0.0154323 0.00101563

-0.0154328 0.00101563
-0.0154297 0.00101979

-0.0154297 0.00101813
-0.0154188 0.00103516

-0.0154175 0.00103516
-0.0154102 0.00104436

-0.0154102 0.00104424
-0.0154017 0.00105469

-0.0154015 0.00105469
-0.0153906 0.00106748

-0.0153906 0.00106739
-0.0153847 0.00107422

-0.0153846 0.00107422
-0.0153711 0.00108927

-0.0153711 0.00108926
-0.015367 0.00109375

-0.015367 0.00109375
-0.0153516 0.00111005

-0.0153516 0.00111004
-0.0153484 0.00111328

-0.0153484 0.00111328
-0.015332 0.00112965

-0.015332 0.00112966
-0.0153288 0.00113281

-0.0153288 0.00113281
-0.0153125 0.00114826

-0.0153125 0.0011483
-0.0153081 0.00115234

-0.0153081 0.00115234
-0.015293 0.00116595

-0.015293 0.00116643
-0.0152857 0.00117187

-0.0152864 0.00117187
-0.0152734 0.00118263

-0.0152734 0.00118245
-0.0152635 0.00119141

-0.0152631 0.00119141
-0.0152539 0.00119875

-0.0152539 0.00119888
-0.0152385 0.00121094

-0.0152385 0.00121094
-0.0152344 0.00121406

-0.0152344 0.00121411
-0.0152148 0.00122865

-0.0152148 0.00122867
-0.0152123 0.00123047

-0.0152123 0.00123047
-0.0151953 0.00124251

-0.0151953 0.00124253
-0.0151843 0.00125

-0.0151842 0.00125
-0.0151758 0.00125568

-0.0151758 0.00125571
-0.0151562 0.00126829

-0.0151562 0.0012683
-0.0151542 0.00126953

-0.0151542 0.00126953
-0.0151367 0.00128026

-0.0151367 0.00128026
-0.0151217 0.00128906

-0.0151216 0.00128906
-0.0151172 0.00129163

-0.0151172 0.00129165
-0.0150977 0.00130251

-0.0150977 0.00130251
-0.0150861 0.00130859

-0.0150861 0.00130859
-0.0150781 0.00131282

-0.0150781 0.00131282
-0.0150586 0.00132262

-0.0150586 0.00132263
-0.0150471 0.00132813

-0.0150471 0.00132813
-0.0150391 0.00133193

-0.0150391 0.00133193
-0.0150195 0.00134075

-0.0150195 0.00134074
-0.0150034 0.00134766

-0.0150034 0.00134766
-0.015 0.00134911

-0.0140039 0.00124742
-0.0140075 0.00125

-0.0140039 0.00124732
-0.0139844 0.00123241

-0.0139063 0.00116486
-0.0139137 0.00117187

-0.0139453 0.00120032
-0.0139579 0.00121094

-0.0139648 0.00121675
-0.0139819 0.00123047

-0.0139844 0.00123237
-0.0139819 0.00123047

-0.0139648 0.00121664
-0.0139579 0.00121094

-0.0139258 0.00118303
-0.0139352 0.00119141

-0.0139453 0.00120013
-0.0139353 0.00119141

-0.0139258 0.00118284
-0.0139138 0.00117187

-0.0138281 0.00108244
-0.0138378 0.00109375

-0.0137695 0.00100885
-0.0137744 0.00101563

-0.01375 0.00098174
-0.0137601 0.000996094

-0.0137695 0.00100881
-0.0137602 0.000996094

-0.0137891 0.00103473
-0.0137894 0.00103516

-0.0137894 0.00103516
-0.0138049 0.00105469

-0.0138086 0.0010592
-0.013821 0.00107422

-0.0138281 0.00108251
-0.0138211 0.00107422

-0.0138086 0.00105922
-0.0138049 0.00105469

-0.0137891 0.0010347
-0.0137745 0.00101563

-0.0138672 0.00112571
-0.013874 0.00113281

-0.0138867 0.00114576
-0.0138934 0.00115234

-0.0139062 0.00116473
-0.0138934 0.00115234

-0.0138867 0.00114569
-0.0138741 0.00113281

-0.0138477 0.00110458
-0.0138555 0.00111328

-0.0138672 0.00112567
-0.0138557 0.00111328

-0.0138477 0.00110462
-0.013838 0.00109375

-0.015 0.00134912
-0.0149805 0.00135703

-0.0149805 0.00135701
-0.0149609 0.00136448

-0.0149609 0.00136449
-0.0149535 0.00136719

-0.0149535 0.00136719
-0.0149414 0.00137156

-0.0149414 0.00137155
-0.0149219 0.00137817

-0.0149219 0.00137815
-0.0149023 0.00138438

-0.0149023 0.00138439
-0.0148946 0.00138672

-0.0148946 0.00138672
-0.0148828 0.00139026

-0.0148828 0.00139025
-0.0148633 0.00139571

-0.0148633 0.0013957
-0.0148437 0.00140077

-0.0148437 0.00140075
-0.0148242 0.00140548

-0.0148242 0.00140549
-0.0148209 0.00140625

-0.0148209 0.00140625
-0.0148047 0.00140989

-0.0148047 0.00140988
-0.0147852 0.0014139

-0.0147852 0.00141389
-0.0147656 0.00141755

-0.0147656 0.00141754
-0.0147461 0.00142086

-0.0147461 0.00142085
-0.0147266 0.00142384

-0.0147266 0.00142385
-0.0147124 0.00142578

-0.0147124 0.00142578
-0.014707 0.00142651

-0.014707 0.00142631
-0.0146875 0.00142901

-0.0146875 0.00142287
-0.014668 0.0014249

-0.0146875 0.00143052
-0.014668 0.00143286

-0.014668 0.00142407
-0.0146517 0.00142578

-0.014668 0.00143155
-0.0146484 0.00143331

-0.0146484 0.00143261
-0.0146289 0.00143401

-0.0146289 0.00142441
-0.0146094 0.00142533

-0.0146289 0.00143475
-0.0146094 0.00143578

-0.0146094 0.00142497
-0.0145942 0.00142578

-0.0146094 0.00143516
-0.0145898 0.00143578

-0.0145898 0.00142565
-0.0145828 0.00142578

-0.0145898 0.00143551
-0.0145703 0.00143572

-0.0145508 0.0014257
-0.0145572 0.00142578

-0.0145703 0.00143569
-0.0145508 0.00143552

-0.0145312 0.00142537
-0.0145458 0.00142578

-0.0145508 0.00143567
-0.0145312 0.00143512

-0.0145117 0.0014254
-0.0145198 0.00142578

-0.0145312 0.00143506
-0.0145117 0.00143411

-0.0144922 0.00142558
-0.0144953 0.00142578

-0.0145117 0.00143408
-0.0144922 0.00143278

-0.0144922 0.00143279
-0.0144727 0.00143109

-0.0144727 0.0014311
-0.0144531 0.00142897

-0.0144531 0.00142897
-0.0144336 0.0014264

-0.0144141 0.0014234
-0.0144296 0.00142578

-0.0144336 0.00142643
-0.0144294 0.00142578

-0.0144141 0.0014234
-0.0143945 0.00141997

-0.0143945 0.00141997
-0.014375 0.00141611

-0.0143164 0.00140194
-0.0143326 0.00140625

-0.0143164 0.0014019
-0.0142969 0.00139621

-0.0142969 0.00139622
-0.0142773 0.00139006

-0.0142578 0.00138351
-0.0142673 0.00138672

-0.0142773 0.00139
-0.0142677 0.00138672

-0.0142578 0.00138343
-0.0142383 0.00137629

-0.0142383 0.00137629
-0.0142188 0.00136866

-0.014375 0.00141611
-0.0143555 0.00141183

-0.0143555 0.00141183
-0.0143359 0.00140711

-0.0143359 0.00140703
-0.014333 0.00140625

-0.0141992 0.00136054
-0.0142151 0.00136719

-0.0141992 0.00136051
-0.0141797 0.00135183

-0.0142187 0.00136859
-0.0142154 0.00136719

-0.0141602 0.00134267
-0.0141707 0.00134766

-0.0141797 0.00135181
-0.0141709 0.00134766

-0.0141602 0.00134262
-0.0141406 0.00133283

-0.0141211 0.00132254
-0.0141316 0.00132813

-0.0141211 0.00132249
-0.0141016 0.00131155

-0.0140625 0.00128798
-0.0140643 0.00128906

-0.014082 0.00130005
-0.0140965 0.00130859

-0.0141016 0.00131154
-0.0140966 0.00130859

-0.014082 0.00130002
-0.0140644 0.00128906

-0.0141406 0.00133282
-0.0141318 0.00132813

-0.0140625 0.00128788
-0.014043 0.00127504

-0.0140234 0.00126153
-0.014035 0.00126953

-0.014043 0.00127499
-0.014035 0.00126953

-0.0140234 0.0012615
-0.0140076 0.00125

-0.0134648 0
-0.0134649 1.95313e-05

-0.0134649 1.95312e-05
-0.0134651 3.90625e-05

-0.0134651 3.90625e-05
-0.0134656 5.85938e-05

-0.0134656 5.85938e-05
-0.0134663 7.8125e-05

-0.0134663 7.8125e-05
-0.0134672 9.76562e-05

-0.0134672 9.76563e-05
-0.0134682 0.000117187

-0.0134682 0.000117188
-0.0134695 0.000136719

-0.0134695 0.000136719
-0.013471 0.00015625

-0.0134766 0.000215166
-0.0134788 0.000234375

-0.013471 0.00015625
-0.0134726 0.000175781

-0.0134726 0.000175781
-0.0134745 0.000195313

-0.0134745 0.000195312
-0.0134765 0.000214844

-0.0134766 0.000214963
-0.0134765 0.000214844

-0.0134788 0.000234375
-0.0134812 0.000253906

-0.0134812 0.000253906
-0.0134839 0.000273438

-0.0134839 0.000273437
-0.0134867 0.000292969

-0.0134867 0.000292969
-0.0134898 0.0003125

-0.0135156 0.000442139
-0.0135173 0.000449219

-0.0135173 0.000449219
-0.0135221 0.00046875

-0.0134961 0.000348852
-0.0134966 0.000351563

-0.0134898 0.0003125
-0.0134931 0.000332031

-0.0134961 0.000348629
-0.0134931 0.000332031

-0.0134966 0.000351562
-0.0135003 0.000371094

-0.0135003 0.000371094
-0.0135042 0.000390625

-0.0135042 0.000390625
-0.0135083 0.000410156

-0.0135083 0.000410156
-0.0135127 0.000429688

-0.0135156 0.000442018
-0.0135127 0.000429688

-0.0135221 0.00046875
-0.0135271 0.000488281

-0.0135271 0.000488281
-0.0135324 0.000507813

-0.0135352 0.000517654
-0.0135379 0.000527344

-0.0135379 0.000527344
-0.0135437 0.000546875

-0.0135352 0.000517545
-0.0135324 0.000507813

-0.0135547 0.000582093
-0.0135559 0.000585937

-0.0135559 0.000585937
-0.0135624 0.000605469

-0.0135624 0.000605469
-0.0135692 0.000625

-0.0135437 0.000546875
-0.0135497 0.000566406

-0.0135547 0.000582059
-0.0135497 0.000566406

-0.0135937 0.000689963
-0.0135991 0.000703125

-0.0136328 0.000779172
-0.0136338 0.00078125

-0.0136133 0.000736316
-0.0136158 0.000742188

-0.0135991 0.000703125
-0.0136073 0.000722656

-0.0136133 0.000736338
-0.0136073 0.000722656

-0.0136158 0.000742188
-0.0136246 0.000761719

-0.0136328 0.000779091
-0.0136247 0.000761719

-0.0136719 0.000855387
-0.013674 0.000859375

-0.0137109 0.000922387
-0.0137204 0.0009375

-0.0136914 0.000889977
-0.0136963 0.000898438

-0.013674 0.000859375
-0.0136849 0.000878906

-0.0136914 0.000889868
-0.013685 0.000878906

-0.0136964 0.000898438
-0.0137082 0.000917969

-0.0137109 0.000922366
-0.0137082 0.000917969

-0.0136523 0.000818601
-0.0136532 0.000820313

-0.0136338 0.00078125
-0.0136433 0.000800781

-0.0136523 0.000818655
-0.0136433 0.000800781

-0.0136531 0.000820312
-0.0136634 0.000839844

-0.0136719 0.000855419
-0.0136634 0.000839844

-0.0135742 0.000638905
-0.0135762 0.000644531

-0.0135763 0.000644531
-0.0135836 0.000664063

-0.0135742 0.000638844
-0.0135692 0.000625

-0.0135836 0.000664063
-0.0135912 0.000683594

-0.0135937 0.000689877
-0.0135912 0.000683594

-0.0137305 0.000952891
-0.0137331 0.000957031

-0.0137332 0.000957031
-0.0137464 0.000976562

-0.0137305 0.000952813
-0.0137205 0.0009375

-0.01375 0.000981752
-0.0137464 0.000976562

