-0.0172479 0
-0.0172478 1.95313e-05

-0.0172478 1.95312e-05
-0.0172475 3.90625e-05

-0.0172475 3.90625e-05
-0.017247 5.85938e-05

-0.017247 5.85938e-05
-0.0172463 7.8125e-05

-0.0172463 7.8125e-05
-0.0172461 8.23099e-05

-0.0172461 8.22981e-05
-0.0172454 9.76562e-05

-0.0172454 9.76563e-05
-0.0172443 0.000117187

-0.0172443 0.000117188
-0.017243 0.000136719

-0.017243 0.000136719
-0.0172415 0.00015625

-0.0172415 0.00015625
-0.0172398 0.000175781

-0.0172398 0.000175781
-0.0172378 0.000195313

-0.0172378 0.000195312
-0.0172356 0.000214844

-0.0172356 0.000214844
-0.0172331 0.000234375

-0.0172331 0.000234375
-0.0172303 0.000253906

-0.0172303 0.000253906
-0.0172273 0.000273438

-0.0172273 0.000273437
-0.0172266 0.000277823

-0.0172266 0.000277866
-0.017224 0.000292969

-0.017224 0.000292969
-0.0172205 0.0003125

-0.0172205 0.0003125
-0.0172166 0.000332031

-0.0172166 0.000332031
-0.0172123 0.000351563

-0.0172123 0.000351562
-0.0172078 0.000371094

-0.0172078 0.000371094
-0.017207 0.000374285

-0.017207 0.000374268
-0.017203 0.000390625

-0.017203 0.000390625
-0.0171978 0.000410156

-0.0171978 0.000410156
-0.0171923 0.000429688

-0.0171923 0.000429688
-0.0171875 0.000445688

-0.0171875 0.000445669
-0.0171864 0.000449219

-0.0171864 0.000449219
-0.0171802 0.00046875

-0.0171802 0.00046875
-0.0171736 0.000488281

-0.0171736 0.000488281
-0.017168 0.000504009

-0.017168 0.00050397
-0.0171666 0.000507813

-0.0171666 0.000507813
-0.0171592 0.000527344

-0.0171592 0.000527344
-0.0171514 0.000546875

-0.0171515 0.000546875
-0.0171484 0.000554072

-0.0171484 0.000553891
-0.0171432 0.000566406

-0.0171432 0.000566406
-0.0171345 0.000585937

-0.0171346 0.000585937
-0.0171289 0.000598152

-0.0171289 0.000598009
-0.0171254 0.000605469

-0.0171255 0.000605469
-0.0171159 0.000625

-0.017116 0.000625
-0.0171094 0.000637882

-0.0171094 0.000637727
-0.0171059 0.000644531

-0.0171059 0.000644531
-0.0170954 0.000664063

-0.0170955 0.000664063
-0.0170898 0.000674173

-0.0170898 0.000673921
-0.0170844 0.000683594

-0.0170845 0.000683594
-0.017073 0.000703125

-0.0170731 0.000703125
-0.0170703 0.000707737

-0.0170703 0.000707367
-0.0170609 0.000722656

-0.017061 0.000722656
-0.0170508 0.00073848

-0.0170508 0.000738313
-0.0170483 0.000742188

-0.0170484 0.000742188
-0.0170352 0.000761719

-0.0170353 0.000761719
-0.0170312 0.000767694

-0.0170313 0.000767248
-0.0170214 0.00078125

-0.0170215 0.00078125
-0.0170117 0.000794588

-0.0170117 0.000794253
-0.017007 0.000800781

-0.0170056 0.000800781
-0.0169936 0.000820313

-0.0169922 0.000820113
-0.016992 0.000820313

-0.0169922 0.000821147
-0.0169754 0.000839844

-0.0169772 0.000839844
-0.0169727 0.000843896

-0.0169727 0.000844091
-0.0169598 0.000859375

-0.0169601 0.000859375
-0.0169531 0.000867384

-0.0169531 0.000866764
-0.0169425 0.000878906

-0.0169428 0.000878906
-0.0169336 0.000889032

-0.0169336 0.000888455
-0.0169243 0.000898438

-0.0169247 0.000898438
-0.0169141 0.000909632

-0.0169141 0.000909044
-0.0169053 0.000917969

-0.0169059 0.000917969
-0.0168945 0.000929271

-0.0168945 0.000928633
-0.0168854 0.0009375

-0.0168861 0.0009375
-0.016875 0.000948032

-0.016875 0.000947364
-0.0168644 0.000957031

-0.0168654 0.000957031
-0.0168555 0.000965979

-0.0168555 0.000965341
-0.0168425 0.000976562

-0.0168437 0.000976562
-0.0168359 0.000983176

-0.0168359 0.000982521
-0.0168197 0.000996094

-0.0168206 0.000996094
-0.0168164 0.000999478

-0.0168164 0.000998935
-0.0167969 0.00101451

-0.0167969 0.00101389
-0.0167946 0.00101563

-0.0167955 0.00101563
-0.0167773 0.00102945

-0.0167773 0.00102871
-0.0167684 0.00103516

-0.0167701 0.00103516
-0.0167578 0.00104408

-0.0167578 0.00104356
-0.0167418 0.00105469

-0.0167422 0.00105469
-0.0167383 0.00105731

-0.0167383 0.0010572
-0.0167187 0.00107023

-0.0167188 0.00106958
-0.0167115 0.00107422

-0.016713 0.00107422
-0.0166992 0.00108303

-0.0166992 0.00108266
-0.016681 0.00109375

-0.0166812 0.00109375
-0.0166797 0.00109462

-0.0166797 0.0010946
-0.0166602 0.001106

-0.0166602 0.00110589
-0.0166469 0.00111328

-0.0166475 0.00111328
-0.0166406 0.00111696

-0.0166406 0.00111722
-0.0166211 0.00112688

-0.0166211 0.00112711
-0.0166099 0.00113281

-0.0166104 0.00113281
-0.0166016 0.00113732

-0.0166016 0.00113715
-0.016582 0.00114661

-0.016582 0.00114654
-0.0165694 0.00115234

-0.0165698 0.00115234
-0.0165625 0.00115571

-0.0165625 0.00115561
-0.016543 0.00116417

-0.016543 0.00116414
-0.0165244 0.00117187

-0.0165234 0.00117182
-0.0165233 0.00117187

-0.0165245 0.00117187
-0.0165234 0.00117233

-0.0165234 0.00117232
-0.0165039 0.00118005

-0.0165039 0.00118002
-0.0164844 0.00118732

-0.0164844 0.00118728
-0.0164727 0.00119141

-0.0164735 0.00119141
-0.0164648 0.00119415

-0.0164648 0.00119424
-0.0164453 0.00120076

-0.0164453 0.00120075
-0.0164258 0.00120689

-0.0164258 0.00120687
-0.016412 0.00121094

-0.0164122 0.00121094
-0.0164062 0.00121269

-0.0164063 0.00121265
-0.0163867 0.00121804

-0.0163867 0.00121803
-0.0163672 0.00122304

-0.0163672 0.00122304
-0.0163477 0.00122769

-0.0163477 0.00122768
-0.016335 0.00123047

-0.0163352 0.00123047
-0.0163281 0.00123202

-0.0163281 0.00123199
-0.0163086 0.00123593

-0.0163086 0.00123593
-0.0162891 0.00123951

-0.0162891 0.00123951
-0.0162695 0.00124275

-0.0162695 0.00124275
-0.01625 0.00124565

-0.01625 0.00124565
-0.0162305 0.00124821

-0.0162305 0.00124821
-0.0162147 0.00125

-0.015957 0.00124925
-0.0159642 0.00125

-0.015957 0.00124924
-0.0159375 0.00124685

-0.0159375 0.00124685
-0.015918 0.00124414

-0.015918 0.00124414
-0.0158984 0.00124109

-0.0158984 0.00124109
-0.0158789 0.00123771

-0.0158789 0.00123771
-0.0158594 0.001234

-0.0158398 0.00122997
-0.0158423 0.00123047

-0.0158594 0.00123399
-0.0158424 0.00123047

-0.0158398 0.00122995
-0.0158203 0.00122555

-0.0158203 0.00122555
-0.0158008 0.0012208

-0.0158008 0.0012208
-0.0157812 0.0012157

-0.0157617 0.00121028
-0.0157641 0.00121094

-0.0157617 0.00121026
-0.0157422 0.00120445

-0.0157813 0.0012157
-0.0157642 0.00121094

-0.0157422 0.00120445
-0.0157227 0.00119827

-0.0157227 0.00119781
-0.0157031 0.00119219

-0.0156445 0.00116989
-0.0156496 0.00117187

-0.0156445 0.00116984
-0.015625 0.00116176

-0.0156836 0.00118483
-0.0157022 0.00119141

-0.0157031 0.00119172
-0.0157022 0.00119141

-0.0156836 0.00118482
-0.0156641 0.00117752

-0.0156641 0.0011775
-0.0156498 0.00117187

-0.015 0.000575679
-0.0150053 0.000585937

-0.0150195 0.000612282
-0.0150266 0.000625

-0.0150054 0.000585937
-0.0150158 0.000605469

-0.0150195 0.000611855
-0.015016 0.000605469

-0.0154883 0.00109345
-0.0154888 0.00109375

-0.0154883 0.00109344
-0.0154687 0.00108186

-0.015625 0.00116175
-0.0156055 0.00115327

-0.0155859 0.0011444
-0.0156034 0.00115234

-0.0156055 0.00115325
-0.0156035 0.00115234

-0.0155469 0.00112594
-0.0155631 0.00113281

-0.0155859 0.00114438
-0.0155664 0.00113507

-0.0155664 0.00113479
-0.0155615 0.00113281

-0.0155469 0.00112544
-0.0155273 0.00111502

-0.0155078 0.00110456
-0.0155238 0.00111328

-0.0155273 0.00111526
-0.0155243 0.00111328

-0.0155078 0.00110452
-0.0154889 0.00109375

-0.0154492 0.00106987
-0.0154562 0.00107422

-0.0154687 0.0010818
-0.0154565 0.00107422

-0.0154492 0.00106977
-0.0154297 0.00105717

-0.0154102 0.00104408
-0.0154259 0.00105469

-0.0153906 0.00103053
-0.0153973 0.00103516

-0.0154102 0.00104378
-0.0153973 0.00103516

-0.0154297 0.00105709
-0.015426 0.00105469

-0.0153516 0.00100124
-0.0153705 0.00101563

-0.0153125 0.000969774
-0.0153208 0.000976562

-0.015332 0.000985807
-0.015345 0.000996094

-0.0153516 0.0010011
-0.0153451 0.000996094

-0.015332 0.0009856
-0.0153209 0.000976562

-0.0153906 0.00103036
-0.0153711 0.00101609

-0.0153711 0.00101608
-0.0153705 0.00101563

-0.0152734 0.000935295
-0.0152759 0.0009375

-0.0152344 0.000897819
-0.015235 0.000898438

-0.0152539 0.000916954
-0.015255 0.000917969

-0.0152734 0.000935233
-0.015255 0.000917969

-0.0152539 0.000916922
-0.015235 0.000898438

-0.0151953 0.000856981
-0.0151975 0.000859375

-0.0151562 0.000812182
-0.015163 0.000820313

-0.0151758 0.00083513
-0.0151799 0.000839844

-0.0151953 0.000856902
-0.01518 0.000839844

-0.0151758 0.000835014
-0.0151631 0.000820312

-0.0152148 0.00087785
-0.0152159 0.000878906

-0.0152344 0.000897798
-0.0152159 0.000878906

-0.0152148 0.000877812
-0.0151975 0.000859375

-0.0151172 0.000762829
-0.0151313 0.00078125

-0.0150977 0.000736185
-0.0151018 0.000742188

-0.0150781 0.000708001
-0.0150881 0.000722656

-0.0150977 0.000736019
-0.0150882 0.000722656

-0.015102 0.000742188
-0.0151163 0.000761719

-0.0151172 0.00076277
-0.0151164 0.000761719

-0.0150391 0.000645352
-0.0150493 0.000664063

-0.0150586 0.000678253
-0.0150619 0.000683594

-0.0150621 0.000683594
-0.0150749 0.000703125

-0.0150586 0.000677859
-0.0150499 0.000664063

-0.0150267 0.000625
-0.015038 0.000644531

-0.0150391 0.000646288
-0.0150382 0.000644531

-0.0150781 0.000707744
-0.0150751 0.000703125

-0.0151367 0.000788138
-0.0151468 0.000800781

-0.0151562 0.000812078
-0.015147 0.000800781

-0.0151367 0.000787884
-0.0151316 0.00078125

-0.015293 0.000952885
-0.0152977 0.000957031

-0.0153125 0.000969557
-0.0152979 0.000957031

-0.015293 0.000952772
-0.015276 0.0009375

-0.0162148 0.00125
-0.0162109 0.00125044

-0.0162109 0.00125043
-0.0161914 0.00125232

-0.0161914 0.00125231
-0.0161719 0.00125386

-0.0161719 0.00125386
-0.0161523 0.00125507

-0.0161523 0.00125507
-0.0161328 0.00125596

-0.0161328 0.00125596
-0.0161133 0.00125652

-0.0161133 0.00125652
-0.0160937 0.00125675

-0.0160938 0.00125675
-0.0160742 0.00125665

-0.0160742 0.00125665
-0.0160547 0.00125623

-0.0160547 0.00125623
-0.0160352 0.00125548

-0.0160352 0.00125548
-0.0160156 0.00125441

-0.0160156 0.00125441
-0.0159961 0.00125301

-0.0159961 0.00125301
-0.0159766 0.00125128

-0.0159766 0.00125128
-0.0159644 0.00125

-0.0148607 0
-0.0148609 1.95313e-05

-0.0148609 1.95312e-05
-0.0148613 3.90625e-05

-0.0148613 3.90625e-05
-0.0148621 5.85938e-05

-0.0148621 5.85938e-05
-0.0148632 7.8125e-05

-0.0148633 7.97442e-05
-0.0148645 9.76562e-05

-0.0148645 9.76563e-05
-0.0148662 0.000117187

-0.0148633 7.97272e-05
-0.0148632 7.8125e-05

-0.0148662 0.000117188
-0.0148682 0.000136719

-0.0148682 0.000136719
-0.0148705 0.00015625

-0.0148705 0.00015625
-0.0148731 0.000175781

-0.0148731 0.000175781
-0.014876 0.000195313

-0.014876 0.000195312
-0.0148793 0.000214844

-0.0148828 0.000234213
-0.0148793 0.000214844

-0.0148828 0.000234375
-0.0148867 0.000253906

-0.0148871 0.000253906
-0.0148905 0.000273438

-0.014891 0.000273437
-0.0148954 0.000292969

-0.0148949 0.000292969
-0.0149008 0.0003125

-0.0149219 0.000387454
-0.0149229 0.000390625

-0.014923 0.000390625
-0.0149296 0.000410156

-0.0149296 0.000410156
-0.0149365 0.000429688

-0.0149414 0.00044329
-0.0149436 0.000449219

-0.0149438 0.000449219
-0.0149514 0.00046875

-0.0149414 0.00044264
-0.0149366 0.000429688

-0.0149023 0.000320377
-0.0149054 0.000332031

-0.0149054 0.000332031
-0.014911 0.000351563

-0.0149023 0.000319679
-0.0149002 0.0003125

-0.014911 0.000351562
-0.0149168 0.000371094

-0.0149219 0.000386854
-0.0149169 0.000371094

-0.0149609 0.000490248
-0.0149672 0.000507813

-0.0149805 0.000535755
-0.0149857 0.000546875

-0.0149677 0.000507813
-0.0149768 0.000527344

-0.0149805 0.00053471
-0.0149766 0.000527344

-0.0149514 0.00046875
-0.0149594 0.000488281

-0.0149609 0.000492078
-0.0149597 0.000488281

-0.0149858 0.000546875
-0.0149954 0.000566406

-0.015 0.000575098
-0.0149955 0.000566406

