-0.0197372 0
-0.019737 1.95313e-05

-0.019737 1.95312e-05
-0.0197366 3.90625e-05

-0.0197366 3.90625e-05
-0.0197359 5.85938e-05

-0.0197359 5.85938e-05
-0.0197349 7.8125e-05

-0.0197349 7.8125e-05
-0.0197336 9.76562e-05

-0.0197336 9.76563e-05
-0.0197321 0.000117187

-0.0197321 0.000117188
-0.0197302 0.000136719

-0.0197302 0.000136719
-0.0197281 0.00015625

-0.0197281 0.00015625
-0.0197266 0.000168781

-0.0197266 0.00016878
-0.0197257 0.000175781

-0.0197257 0.000175781
-0.019723 0.000195313

-0.019723 0.000195312
-0.01972 0.000214844

-0.01972 0.000214844
-0.0197167 0.000234375

-0.0197167 0.000234375
-0.0197131 0.000253906

-0.0197131 0.000253906
-0.0197092 0.000273438

-0.0197092 0.000273437
-0.019707 0.000283608

-0.019707 0.000282283
-0.0197053 0.000292969

-0.019705 0.000292969
-0.0197005 0.0003125

-0.0197005 0.0003125
-0.0196957 0.000332031

-0.0196957 0.000332031
-0.0196906 0.000351563

-0.0196906 0.000351562
-0.0196875 0.000362756

-0.0196875 0.00036275
-0.0196852 0.000371094

-0.0196852 0.000371094
-0.0196794 0.000390625

-0.0196794 0.000390625
-0.0196734 0.000410156

-0.0196734 0.000410156
-0.019668 0.000426639

-0.019668 0.000426636
-0.019667 0.000429688

-0.019667 0.000429688
-0.0196602 0.000449219

-0.0196602 0.000449219
-0.0196532 0.00046875

-0.0196532 0.00046875
-0.0196484 0.000481214

-0.0196484 0.000481207
-0.0196458 0.000488281

-0.0196458 0.000488281
-0.019638 0.000507813

-0.019638 0.000507813
-0.0196299 0.000527344

-0.0196299 0.000527344
-0.0196289 0.000529563

-0.0196289 0.000529544
-0.0196214 0.000546875

-0.0196214 0.000546875
-0.0196125 0.000566406

-0.0196125 0.000566406
-0.0196094 0.00057305

-0.0196094 0.000573034
-0.0196033 0.000585937

-0.0196033 0.000585937
-0.0195936 0.000605469

-0.0195937 0.000605469
-0.0195898 0.000612884

-0.0195898 0.000612869
-0.0195836 0.000625

-0.0195836 0.000625
-0.0195732 0.000644531

-0.0195732 0.000644531
-0.0195703 0.000649716

-0.0195703 0.000649696
-0.0195623 0.000664063

-0.0195623 0.000664063
-0.019551 0.000683594

-0.019551 0.000683594
-0.0195508 0.000684031

-0.0195508 0.000684029
-0.0195393 0.000703125

-0.0195393 0.000703125
-0.0195312 0.000716031

-0.0195312 0.00071602
-0.0195271 0.000722656

-0.0195271 0.000722656
-0.0195144 0.000742188

-0.0195144 0.000742188
-0.0195117 0.00074628

-0.0195117 0.000746231
-0.0195013 0.000761719

-0.0195013 0.000761719
-0.0194922 0.000774713

-0.0194922 0.000774668
-0.0194876 0.00078125

-0.0194876 0.00078125
-0.0194734 0.000800781

-0.0194734 0.000800781
-0.0194727 0.000801732

-0.0194727 0.000801789
-0.0194587 0.000820313

-0.0194586 0.000820312
-0.0194531 0.000827435

-0.0194531 0.000827384
-0.0194434 0.000839844

-0.0194433 0.000839844
-0.0194336 0.000851853

-0.0194336 0.000851776
-0.0194274 0.000859375

-0.0194274 0.000859375
-0.0194141 0.000875129

-0.0194141 0.000875134
-0.0194108 0.000878906

-0.0194109 0.000878906
-0.0193945 0.000897424

-0.0193945 0.000897431
-0.0193936 0.000898438

-0.0193936 0.000898438
-0.0193757 0.000917969

-0.0193757 0.000917969
-0.019375 0.000918692

-0.019375 0.000918741
-0.0193571 0.0009375

-0.019357 0.0009375
-0.0193555 0.000939102

-0.0193555 0.000939132
-0.0193376 0.000957031

-0.0193376 0.000957031
-0.0193359 0.000958687

-0.0193359 0.000958711
-0.0193174 0.000976562

-0.0193174 0.000976562
-0.0193164 0.000977484

-0.0193164 0.000977484
-0.0192969 0.000995524

-0.0192969 0.00099552
-0.0192962 0.000996094

-0.0192962 0.000996094
-0.0192773 0.00101285

-0.0192773 0.00101284
-0.0192741 0.00101563

-0.0192741 0.00101563
-0.0192578 0.00102951

-0.0192578 0.00102953
-0.019251 0.00103516

-0.019251 0.00103516
-0.0192383 0.00104551

-0.0192383 0.00104557
-0.0192267 0.00105469

-0.0192268 0.00105469
-0.0192187 0.0010609

-0.0192187 0.00106097
-0.0192013 0.00107422

-0.0192014 0.00107422
-0.0191992 0.00107582

-0.0191992 0.0010758
-0.0191797 0.00109011

-0.0191797 0.00109014
-0.0191745 0.00109375

-0.0191745 0.00109375
-0.0191602 0.00110389

-0.0191602 0.00110388
-0.0191463 0.00111328

-0.0191464 0.00111328
-0.0191406 0.00111711

-0.0191406 0.00111713
-0.0191211 0.0011299

-0.0191211 0.00112991
-0.0191165 0.00113281

-0.0191165 0.00113281
-0.0191016 0.00114221

-0.0191016 0.0011422
-0.0190848 0.00115234

-0.0190849 0.00115234
-0.019082 0.00115404

-0.019082 0.00115403
-0.0190625 0.00116543

-0.0190625 0.00116542
-0.019051 0.00117187

-0.019051 0.00117187
-0.019043 0.0011764

-0.019043 0.00117637
-0.0190234 0.00118692

-0.0190234 0.00118691
-0.0190148 0.00119141

-0.0190148 0.00119141
-0.0190039 0.00119707

-0.0190039 0.00119704
-0.0189844 0.00120678

-0.0189844 0.00120677
-0.0189757 0.00121094

-0.0189757 0.00121094
-0.0189648 0.00121616

-0.0189648 0.00121613
-0.0189453 0.00122511

-0.0189453 0.00122509
-0.0189331 0.00123047

-0.0189332 0.00123047
-0.0189258 0.00123374

-0.0189258 0.00123372
-0.0189062 0.00124196

-0.0189062 0.00124194
-0.0188867 0.00124984

-0.0188867 0.00124984
-0.0188863 0.00125

-0.0188864 0.00125
-0.0188672 0.00125742

-0.0188672 0.0012574
-0.0188477 0.00126459

-0.0188477 0.00126458
-0.0188336 0.00126953

-0.0188337 0.00126953
-0.0188281 0.0012715

-0.0188281 0.00127148
-0.0188086 0.00127803

-0.0188086 0.00127802
-0.0187891 0.00128423

-0.0187891 0.00128422
-0.0187731 0.00128906

-0.0187732 0.00128906
-0.0187695 0.00129017

-0.0187695 0.00129016
-0.01875 0.00129576

-0.0179297 0.00124791
-0.0179345 0.00125

-0.0179297 0.00124782
-0.0179102 0.00123895

-0.0178906 0.00122974
-0.0178921 0.00123047

-0.0179102 0.00123895
-0.0178924 0.00123047

-0.0178516 0.00120969
-0.0178539 0.00121094

-0.0178906 0.00122963
-0.0178711 0.00121984

-0.0178711 0.00121984
-0.0178542 0.00121094

-0.0178516 0.00120958
-0.017832 0.00119883

-0.0178125 0.00118765
-0.017819 0.00119141

-0.017832 0.00119882
-0.0178192 0.00119141

-0.0175 0.00091589
-0.0175016 0.000917969

-0.0175014 0.000917969
-0.0175173 0.0009375

-0.0176758 0.00109292
-0.0176768 0.00109375

-0.0176758 0.00109292
-0.0176562 0.00107683

-0.0177734 0.00116351
-0.0177867 0.00117187

-0.0177539 0.00115073
-0.0177564 0.00115234

-0.0177734 0.00116348
-0.0177566 0.00115234

-0.0177539 0.00115063
-0.0177344 0.00113715

-0.0178125 0.00118758
-0.017793 0.0011758

-0.017793 0.00117578
-0.0177868 0.00117187

-0.0177148 0.00112304
-0.0177284 0.00113281

-0.0176953 0.00110838
-0.0177019 0.00111328

-0.0177148 0.00112301
-0.017702 0.00111328

-0.0177344 0.00113706
-0.0177283 0.00113281

-0.0176953 0.0011083
-0.0176769 0.00109375

-0.0175781 0.00100444
-0.0175892 0.00101563

-0.0176172 0.00104244
-0.0176308 0.00105469

-0.0176367 0.00106001
-0.0176532 0.00107422

-0.0176563 0.00107677
-0.0176532 0.00107422

-0.0176367 0.00105991
-0.0176308 0.00105469

-0.0175977 0.00102393
-0.0176095 0.00103516

-0.0176172 0.0010423
-0.0176095 0.00103516

-0.0175977 0.00102385
-0.0175893 0.00101563

-0.0175391 0.000962538
-0.0175516 0.000976562

-0.0175586 0.000983979
-0.01757 0.000996094

-0.0175781 0.00100444
-0.01757 0.000996094

-0.0175586 0.000984051
-0.0175517 0.000976562

-0.0175195 0.000940081
-0.0175341 0.000957031

-0.0175391 0.000962645
-0.0175341 0.000957031

-0.0175195 0.000940098
-0.0175174 0.0009375

-0.01875 0.00129575
-0.0187305 0.00130102

-0.0187305 0.00130101
-0.0187109 0.00130599

-0.0187109 0.00130598
-0.0187001 0.00130859

-0.0187001 0.00130859
-0.0186914 0.00131069

-0.0186914 0.00131069
-0.0186719 0.00131507

-0.0186719 0.00131506
-0.0186523 0.00131913

-0.0186523 0.00131913
-0.0186328 0.0013229

-0.0186328 0.0013229
-0.0186133 0.00132638

-0.0186133 0.00132638
-0.0186026 0.00132813

-0.0186026 0.00132813
-0.0185937 0.00132958

-0.0185938 0.00132959
-0.0185742 0.0013325

-0.0185742 0.0013325
-0.0185547 0.00133509

-0.0185547 0.00133509
-0.0185352 0.00133738

-0.0185352 0.00133738
-0.0185156 0.00133939

-0.0185156 0.0013394
-0.0184961 0.00134111

-0.0184961 0.00134111
-0.0184766 0.00134252

-0.0184766 0.00134252
-0.018457 0.00134361

-0.018457 0.00134359
-0.0184375 0.0013444

-0.0184375 0.00132756
-0.0184307 0.00132813

-0.018418 0.00132809
-0.0184173 0.00132813

-0.0183789 0.0013281
-0.01838 0.00132813

-0.0183594 0.00132808
-0.01836 0.00132813

-0.0184375 0.00134449
-0.018418 0.00134499

-0.018418 0.0013449
-0.0183984 0.00134511

-0.0183984 0.00134511
-0.0183789 0.00134501

-0.0183789 0.00134501
-0.0183594 0.0013446

-0.0183594 0.0013446
-0.0183398 0.00134386

-0.0183398 0.00134386
-0.0183203 0.0013428

-0.0183203 0.0013428
-0.0183008 0.00134141

-0.0183008 0.00134141
-0.0182812 0.00133969

-0.0182813 0.00133969
-0.0182617 0.00133765

-0.0182617 0.00133765
-0.0182422 0.00133527

-0.0182422 0.00133527
-0.0182227 0.00133256

-0.0182227 0.00133256
-0.0182031 0.00132951

-0.0181836 0.0013261
-0.0181952 0.00132813

-0.0181836 0.0013261
-0.0181641 0.00132232

-0.0181641 0.00132232
-0.0181445 0.00131819

-0.0181445 0.00131819
-0.018125 0.00131371

-0.0182031 0.00132952
-0.0181951 0.00132813

-0.018125 0.00131372
-0.0181055 0.00130888

-0.0180859 0.00130367
-0.0181044 0.00130859

-0.0181055 0.00130878
-0.0181048 0.00130859

-0.0180859 0.00130365
-0.0180664 0.00129805

-0.0180664 0.00129806
-0.0180469 0.00129209

-0.0180273 0.0012858
-0.0180374 0.00128906

-0.0180273 0.00128572
-0.0180078 0.00127895

-0.0180469 0.00129202
-0.0180378 0.00128906

-0.0180078 0.00127896
-0.0179883 0.00127181

-0.0179687 0.00126427
-0.0179823 0.00126953

-0.0179883 0.00127175
-0.0179826 0.00126953

-0.0179688 0.00126423
-0.0179492 0.00125623

-0.0179492 0.00125623
-0.0179348 0.00125

-0.0172751 0
-0.0172751 1.95313e-05

-0.0172751 1.95312e-05
-0.0172752 3.90625e-05

-0.0172752 3.90625e-05
-0.0172752 5.85938e-05

-0.0172752 5.85938e-05
-0.0172754 7.8125e-05

-0.0172754 7.8125e-05
-0.0172755 9.76562e-05

-0.0172755 9.76563e-05
-0.0172757 0.000117187

-0.0172757 0.000117188
-0.017276 0.000136719

-0.017276 0.000136719
-0.0172764 0.00015625

-0.0172764 0.00015625
-0.0172768 0.000175781

-0.0172768 0.000175781
-0.0172772 0.000195313

-0.0172772 0.000195312
-0.0172778 0.000214844

-0.0172778 0.000214844
-0.0172784 0.000234375

-0.0172784 0.000234375
-0.0172792 0.000253906

-0.0172792 0.000253906
-0.01728 0.000273438

-0.01728 0.000273437
-0.017281 0.000292969

-0.017281 0.000292969
-0.0172821 0.0003125

-0.017282 0.0003125
-0.0172832 0.000332031

-0.0172832 0.000332031
-0.0172847 0.000351563

-0.0172852 0.00035681
-0.0172864 0.000371094

-0.0172864 0.000371094
-0.0172883 0.000390625

-0.0172852 0.000357439
-0.0172846 0.000351562

-0.0172883 0.000390625
-0.0172904 0.000410156

-0.0172904 0.000410156
-0.0172929 0.000429688

-0.0172928 0.000429688
-0.0172956 0.000449219

-0.0172956 0.000449219
-0.0172986 0.00046875

-0.0173047 0.000502319
-0.0173057 0.000507813

-0.0173057 0.000507813
-0.0173098 0.000527344

-0.0173098 0.000527344
-0.0173144 0.000546875

-0.0172986 0.00046875
-0.017302 0.000488281

-0.0173047 0.00050277
-0.0173019 0.000488281

-0.0173242 0.000582382
-0.0173252 0.000585937

-0.0173144 0.000546875
-0.0173196 0.000566406

-0.0173242 0.000582687
-0.0173195 0.000566406

-0.0173252 0.000585937
-0.0173313 0.000605469

-0.0173313 0.000605469
-0.0173379 0.000625

-0.0173437 0.000641214
-0.0173449 0.000644531

-0.0173449 0.000644531
-0.0173525 0.000664063

-0.0173633 0.00069008
-0.017369 0.000703125

-0.0173524 0.000664063
-0.0173604 0.000683594

-0.0173633 0.000690259
-0.0173604 0.000683594

-0.0173828 0.000732271
-0.0173877 0.000742188

-0.0174023 0.000769592
-0.0174088 0.00078125

-0.0173877 0.000742188
-0.0173979 0.000761719

-0.0174023 0.000769747
-0.0173979 0.000761719

-0.017369 0.000703125
-0.017378 0.000722656

-0.0173828 0.000732404
-0.017378 0.000722656

-0.0174219 0.000803621
-0.0174321 0.000820313

-0.0174414 0.000834677
-0.0174447 0.000839844

-0.0174446 0.000839844
-0.0174578 0.000859375

-0.0174414 0.000834808
-0.0174321 0.000820312

-0.0174805 0.000890722
-0.0174861 0.000898438

-0.0174609 0.000863761
-0.0174717 0.000878906

-0.0174805 0.000890769
-0.0174717 0.000878906

-0.0175 0.000916166
-0.0174862 0.000898438

-0.0174609 0.000863891
-0.0174578 0.000859375

-0.0174087 0.00078125
-0.0174201 0.000800781

-0.0174219 0.000803706
-0.0174201 0.000800781

-0.0173438 0.00064137
-0.0173378 0.000625

