-0.0193126 0
-0.0193125 1.95313e-05

-0.0193125 1.95312e-05
-0.0193122 3.90625e-05

-0.0193122 3.90625e-05
-0.0193117 5.85938e-05

-0.0193117 5.85938e-05
-0.019311 7.8125e-05

-0.019311 7.8125e-05
-0.0193101 9.76562e-05

-0.0193101 9.76563e-05
-0.019309 0.000117187

-0.019309 0.000117188
-0.0193076 0.000136719

-0.0193076 0.000136719
-0.0193061 0.00015625

-0.0193061 0.00015625
-0.0193044 0.000175781

-0.0193044 0.000175781
-0.0193025 0.000195313

-0.0193025 0.000195312
-0.0193003 0.000214844

-0.0193003 0.000214844
-0.019298 0.000234375

-0.019298 0.000234375
-0.0192969 0.000242765

-0.0192969 0.000242758
-0.0192954 0.000253906

-0.0192954 0.000253906
-0.0192926 0.000273438

-0.0192926 0.000273437
-0.0192896 0.000292969

-0.0192896 0.000292969
-0.0192864 0.0003125

-0.0192864 0.0003125
-0.019283 0.000332031

-0.019283 0.000332031
-0.0192793 0.000351563

-0.0192793 0.000351562
-0.0192773 0.000361564

-0.0192773 0.000361555
-0.0192754 0.000371094

-0.0192754 0.000371094
-0.0192713 0.000390625

-0.0192713 0.000390625
-0.019267 0.000410156

-0.019267 0.000410156
-0.0192624 0.000429688

-0.0192624 0.000429688
-0.0192578 0.000448212

-0.0192578 0.000448211
-0.0192576 0.000449219

-0.0192576 0.000449219
-0.0192525 0.00046875

-0.0192525 0.00046875
-0.0192472 0.000488281

-0.0192472 0.000488281
-0.0192416 0.000507813

-0.0192416 0.000507813
-0.0192383 0.000518842

-0.0192383 0.000518829
-0.0192357 0.000527344

-0.0192357 0.000527344
-0.0192296 0.000546875

-0.0192296 0.000546875
-0.0192232 0.000566406

-0.0192232 0.000566406
-0.0192187 0.000579541

-0.0192187 0.00057953
-0.0192166 0.000585937

-0.0192166 0.000585937
-0.0192096 0.000605469

-0.0192096 0.000605469
-0.0192023 0.000625

-0.0192024 0.000625
-0.0191992 0.000633101

-0.0191992 0.000633077
-0.0191948 0.000644531

-0.0191948 0.000644531
-0.0191869 0.000664063

-0.0191869 0.000664063
-0.0191797 0.00068124

-0.0191797 0.000681235
-0.0191787 0.000683594

-0.0191787 0.000683594
-0.0191701 0.000703125

-0.0191702 0.000703125
-0.0191613 0.000722656

-0.0191613 0.000722656
-0.0191602 0.000725026

-0.0191602 0.00072498
-0.019152 0.000742188

-0.019152 0.000742188
-0.0191424 0.000761719

-0.0191424 0.000761719
-0.0191406 0.000765142

-0.0191406 0.000765095
-0.0191323 0.00078125

-0.0191323 0.00078125
-0.0191219 0.000800781

-0.0191219 0.000800781
-0.0191211 0.000802251

-0.0191211 0.000802192
-0.019111 0.000820313

-0.019111 0.000820312
-0.0191016 0.000836579

-0.0191016 0.000836568
-0.0190997 0.000839844

-0.0190997 0.000839844
-0.0190879 0.000859375

-0.0190879 0.000859375
-0.019082 0.000868639

-0.019082 0.000868606
-0.0190755 0.000878906

-0.0190755 0.000878906
-0.0190627 0.000898438

-0.0190627 0.000898438
-0.0190625 0.000898716

-0.0190625 0.00089873
-0.0190493 0.000917969

-0.0190493 0.000917969
-0.019043 0.000926833

-0.019043 0.000926761
-0.0190353 0.0009375

-0.0190353 0.0009375
-0.0190234 0.000953262

-0.0190234 0.000953251
-0.0190206 0.000957031

-0.0190206 0.000957031
-0.0190053 0.000976562

-0.0190052 0.000976562
-0.0190039 0.000978204

-0.0190039 0.000978216
-0.0189892 0.000996094

-0.0189891 0.000996094
-0.0189844 0.00100167

-0.0189844 0.00100163
-0.0189723 0.00101563

-0.0189722 0.00101563
-0.0189648 0.00102383

-0.0189648 0.00102378
-0.0189545 0.00103516

-0.0189544 0.00103516
-0.0189453 0.00104477

-0.0189453 0.00104477
-0.0189357 0.00105469

-0.0189357 0.00105469
-0.0189258 0.00106456

-0.0189258 0.00106458
-0.0189158 0.00107422

-0.0189159 0.00107422
-0.0189062 0.00108327

-0.0189062 0.00108334
-0.0188947 0.00109375

-0.0188949 0.00109375
-0.0188867 0.00110097

-0.0188867 0.00110102
-0.0188724 0.00111328

-0.0188725 0.00111328
-0.0188672 0.00111773

-0.0188672 0.00111775
-0.0188486 0.00113281

-0.0188487 0.00113281
-0.0188477 0.00113361

-0.0188477 0.00113357
-0.0188281 0.00114854

-0.0188281 0.00114856
-0.0188229 0.00115234

-0.0188229 0.00115234
-0.0188086 0.0011627

-0.0188086 0.00116269
-0.0187951 0.00117187

-0.0187952 0.00117187
-0.0187891 0.00117602

-0.0187891 0.001176
-0.0187695 0.00118861

-0.0187695 0.00118862
-0.0187649 0.00119141

-0.018765 0.00119141
-0.01875 0.00120051

-0.01875 0.00120046
-0.0187317 0.00121094

-0.0187318 0.00121094
-0.0187305 0.0012117

-0.0187305 0.00121165
-0.0187109 0.00122215

-0.0187109 0.00122211
-0.0186943 0.00123047

-0.0186945 0.00123047
-0.0186914 0.00123203

-0.0186914 0.00123198
-0.0186719 0.00124117

-0.0186719 0.00124112
-0.0186523 0.00124973

-0.0186523 0.00124976
-0.0186518 0.00125

-0.0179492 0.00124367
-0.0179653 0.00125

-0.0179492 0.00124362
-0.0179297 0.00123549

-0.0179102 0.00122695
-0.0179182 0.00123047

-0.0179297 0.00123555
-0.0179182 0.00123047

-0.0179102 0.00122689
-0.0178906 0.0012178

-0.0178711 0.00120829
-0.0178765 0.00121094

-0.0178711 0.00120821
-0.0178516 0.00119812

-0.0178906 0.00121784
-0.0178766 0.00121094

-0.017832 0.00118759
-0.017839 0.00119141

-0.0178516 0.00119816
-0.0178391 0.00119141

-0.017832 0.0011875
-0.0178125 0.00117636

-0.0175195 0.00092662
-0.0175284 0.0009375

-0.0175 0.000902462
-0.0175122 0.000917969

-0.0175195 0.000927285
-0.017512 0.000917969

-0.0176758 0.00108167
-0.017691 0.00109375

-0.0176562 0.0010655
-0.0176669 0.00107422

-0.0176758 0.00108173
-0.0176665 0.00107422

-0.017793 0.00116475
-0.0178049 0.00117187

-0.017793 0.00116469
-0.0177734 0.00115241

-0.0177344 0.00112609
-0.0177441 0.00113281

-0.0177539 0.0011396
-0.0177733 0.00115234

-0.0177734 0.00115243
-0.0177733 0.00115234

-0.0177539 0.00113966
-0.017744 0.00113281

-0.0178125 0.00117639
-0.0178049 0.00117187

-0.0177148 0.001112
-0.0177166 0.00111328

-0.0177344 0.0011261
-0.0177167 0.00111328

-0.0177148 0.00111196
-0.0176953 0.00109717

-0.0176953 0.00109731
-0.0176907 0.00109375

-0.0175977 0.00101163
-0.0176017 0.00101563

-0.0175781 0.000992092
-0.017582 0.000996094

-0.0175977 0.00101207
-0.0175817 0.000996094

-0.0176367 0.00104837
-0.0176439 0.00105469

-0.0176172 0.00103048
-0.0176222 0.00103516

-0.0176367 0.00104858
-0.0176218 0.00103516

-0.0176563 0.00106556
-0.0176435 0.00105469

-0.0176172 0.00103076
-0.0176012 0.00101563

-0.0175586 0.000971359
-0.0175634 0.000976562

-0.0175391 0.000949479
-0.0175457 0.000957031

-0.0175586 0.000971834
-0.0175452 0.000957031

-0.0175781 0.000992421
-0.0175631 0.000976562

-0.0175391 0.0009502
-0.0175282 0.0009375

-0.0186519 0.00125
-0.0186328 0.0012578

-0.0186328 0.00125771
-0.0186133 0.00126511

-0.0186133 0.00126513
-0.0186008 0.00126953

-0.018601 0.00126953
-0.0185937 0.00127208

-0.0185938 0.00127203
-0.0185742 0.00127831

-0.0185742 0.00127825
-0.0185547 0.00128403

-0.0185547 0.00128405
-0.0185363 0.00128906

-0.0185365 0.00128906
-0.0185352 0.00128943

-0.0185352 0.00128943
-0.0185156 0.0012942

-0.0185156 0.00129415
-0.0184961 0.00129837

-0.0184961 0.00129836
-0.0184766 0.00130215

-0.0184766 0.00130214
-0.018457 0.00130553

-0.018457 0.00130556
-0.0184375 0.00130851

-0.0184375 0.00130854
-0.0184371 0.00130859

-0.018437 0.00130859
-0.018418 0.00131094

-0.018418 0.00131091
-0.0183984 0.00131282

-0.0183984 0.00131282
-0.0183789 0.00131431

-0.0183789 0.00131431
-0.0183594 0.0013154

-0.0183594 0.00131539
-0.0183398 0.00131608

-0.0183398 0.00131608
-0.0183203 0.00131636

-0.0183203 0.00131636
-0.0183008 0.00131624

-0.0183008 0.00131624
-0.0182812 0.00131572

-0.0182813 0.00131572
-0.0182617 0.00131479

-0.0182617 0.00131479
-0.0182422 0.00131346

-0.0182422 0.00131346
-0.0182227 0.0013117

-0.0182227 0.00131171
-0.0182031 0.00130952

-0.0181836 0.0013069
-0.0181964 0.00130859

-0.0182031 0.00130952
-0.0181962 0.00130859

-0.0181836 0.00130691
-0.0181641 0.00130394

-0.0181641 0.00130395
-0.0181445 0.00130058

-0.0181445 0.00130059
-0.018125 0.0012968

-0.0180859 0.00128793
-0.0180907 0.00128906

-0.018125 0.00129679
-0.0181055 0.00129258

-0.0181055 0.0012926
-0.0180905 0.00128906

-0.0180859 0.00128798
-0.0180664 0.00128295

-0.0180664 0.00128295
-0.0180469 0.00127747

-0.0180859 0.00128909
-0.0180858 0.00128906

-0.0180664 0.00128912
-0.0180662 0.00128906

-0.0180469 0.00127746
-0.0180273 0.00127158

-0.0180078 0.0012653
-0.0180209 0.00126953

-0.0180273 0.00127163
-0.0180209 0.00126953

-0.0180078 0.00126528
-0.0179883 0.0012585

-0.0180078 0.00126955
-0.0180077 0.00126953

-0.0179883 0.00125849
-0.0179687 0.0012513

-0.0179688 0.00125134
-0.0179653 0.00125

-0.0172769 0
-0.0172769 1.95313e-05

-0.017277 1.95312e-05
-0.0172771 3.90625e-05

-0.0172771 3.90625e-05
-0.0172772 5.85938e-05

-0.0172772 5.85938e-05
-0.0172773 7.8125e-05

-0.0172773 7.8125e-05
-0.0172775 9.76562e-05

-0.0172775 9.76563e-05
-0.0172777 0.000117187

-0.0172777 0.000117188
-0.017278 0.000136719

-0.017278 0.000136719
-0.0172784 0.00015625

-0.0172784 0.00015625
-0.0172788 0.000175781

-0.0172788 0.000175781
-0.0172793 0.000195313

-0.0172793 0.000195312
-0.0172799 0.000214844

-0.0172799 0.000214844
-0.0172805 0.000234375

-0.0172805 0.000234375
-0.0172813 0.000253906

-0.0172813 0.000253906
-0.0172822 0.000273438

-0.0172822 0.000273437
-0.0172832 0.000292969

-0.0172832 0.000292969
-0.0172844 0.0003125

-0.0173437 0.000621321
-0.0173451 0.000625

-0.0172852 0.000324387
-0.0172857 0.000332031

-0.0172857 0.000332031
-0.0172873 0.000351563

-0.0172852 0.000324529
-0.0172843 0.0003125

-0.0172873 0.000351562
-0.0172891 0.000371094

-0.0172891 0.000371094
-0.0172912 0.000390625

-0.0172912 0.000390625
-0.0172936 0.000410156

-0.0172936 0.000410156
-0.0172963 0.000429688

-0.0172963 0.000429688
-0.0172993 0.000449219

-0.0172993 0.000449219
-0.0173026 0.00046875

-0.0173047 0.000479602
-0.0173063 0.000488281

-0.0173063 0.000488281
-0.0173104 0.000507813

-0.0173104 0.000507813
-0.0173149 0.000527344

-0.0173149 0.000527344
-0.0173199 0.000546875

-0.0173047 0.000480075
-0.0173025 0.00046875

-0.0173242 0.000561796
-0.0173255 0.000566406

-0.0173255 0.000566406
-0.0173315 0.000585937

-0.0173242 0.000562268
-0.0173198 0.000546875

-0.0173314 0.000585937
-0.0173379 0.000605469

-0.0173438 0.00062187
-0.0173379 0.000605469

-0.017345 0.000625
-0.0173524 0.000644531

-0.0173523 0.000644531
-0.0173601 0.000664063

-0.0173633 0.000671226
-0.0173686 0.000683594

-0.0173685 0.000683594
-0.0173773 0.000703125

-0.0173633 0.000671781
-0.01736 0.000664063

-0.0173828 0.000714562
-0.0173867 0.000722656

-0.0173866 0.000722656
-0.0173966 0.000742188

-0.0174023 0.000752905
-0.0174071 0.000761719

-0.0174071 0.000761719
-0.0174181 0.00078125

-0.0174023 0.000753084
-0.0173965 0.000742188

-0.0173828 0.00071484
-0.0173772 0.000703125

-0.0174609 0.000848907
-0.0174681 0.000859375

-0.0174414 0.000819321
-0.017442 0.000820313

-0.0174219 0.000787369
-0.0174299 0.000800781

-0.0174414 0.000819495
-0.0174297 0.000800781

-0.0174419 0.000820312
-0.0174546 0.000839844

-0.0174609 0.000849394
-0.0174545 0.000839844

-0.0174805 0.000876555
-0.0174822 0.000878906

-0.017482 0.000878906
-0.0174968 0.000898438

-0.0174805 0.000877014
-0.0174678 0.000859375

-0.0175 0.000902873
-0.0174966 0.000898438

-0.0174219 0.000788073
-0.0174178 0.00078125

