-0.0172327 0
-0.0172327 1.95313e-05

-0.0172327 1.95312e-05
-0.0172327 3.90625e-05

-0.0172327 3.90625e-05
-0.0172327 5.85938e-05

-0.0172327 5.85938e-05
-0.0172327 7.8125e-05

-0.0172327 7.8125e-05
-0.0172328 9.76562e-05

-0.0172328 9.76563e-05
-0.0172328 0.000117187

-0.0172328 0.000117188
-0.0172328 0.000136719

-0.0172328 0.000136719
-0.0172329 0.00015625

-0.0172329 0.00015625
-0.0172329 0.000175781

-0.0172329 0.000175781
-0.017233 0.000195313

-0.017233 0.000195312
-0.017233 0.000214844

-0.017233 0.000214844
-0.017233 0.000234375

-0.017233 0.000234375
-0.017233 0.000253906

-0.017233 0.000253906
-0.0172329 0.000273438

-0.0172329 0.000273437
-0.0172327 0.000292969

-0.0172327 0.000292969
-0.0172324 0.0003125

-0.0172324 0.0003125
-0.017232 0.000332031

-0.017232 0.000332031
-0.0172314 0.000351563

-0.0172314 0.000351562
-0.0172307 0.000371094

-0.0172307 0.000371094
-0.0172297 0.000390625

-0.0172297 0.000390625
-0.0172285 0.000410156

-0.0172285 0.000410156
-0.0172271 0.000429688

-0.0172271 0.000429688
-0.0172266 0.000435198

-0.0172266 0.000435031
-0.0172253 0.000449219

-0.0172253 0.000449219
-0.0172231 0.00046875

-0.0172231 0.00046875
-0.0172206 0.000488281

-0.0172206 0.000488281
-0.0172176 0.000507813

-0.0172176 0.000507813
-0.0172143 0.000527344

-0.0172143 0.000527344
-0.0172104 0.000546875

-0.0172105 0.000546875
-0.017207 0.000562501

-0.017207 0.000562437
-0.0172062 0.000566406

-0.0172062 0.000566406
-0.0172014 0.000585937

-0.0172014 0.000585937
-0.0171962 0.000605469

-0.0171962 0.000605469
-0.0171905 0.000625

-0.0171906 0.000625
-0.0171875 0.00063464

-0.0171875 0.000634457
-0.0171843 0.000644531

-0.0171843 0.000644531
-0.0171776 0.000664063

-0.0171776 0.000664063
-0.0171704 0.000683594

-0.0171705 0.000683594
-0.017168 0.000689854

-0.017168 0.000689598
-0.0171626 0.000703125

-0.0171626 0.000703125
-0.0171543 0.000722656

-0.0171544 0.000722656
-0.0171484 0.000735726

-0.0171484 0.000735594
-0.0171455 0.000742188

-0.0171455 0.000742188
-0.0171361 0.000761719

-0.0171361 0.000761719
-0.0171289 0.000775812

-0.0171289 0.000775692
-0.0171261 0.00078125

-0.0171261 0.00078125
-0.0171155 0.000800781

-0.0171156 0.000800781
-0.0171094 0.000811659

-0.0171094 0.000811448
-0.0171043 0.000820313

-0.0171044 0.000820312
-0.0170926 0.000839844

-0.0170927 0.000839844
-0.0170898 0.000844463

-0.0170898 0.000844042
-0.0170801 0.000859375

-0.0170802 0.000859375
-0.0170703 0.000874041

-0.0170703 0.000873874
-0.017067 0.000878906

-0.017067 0.000878906
-0.0170532 0.000898438

-0.0170534 0.000898438
-0.0170508 0.000902125

-0.0170508 0.000901197
-0.017039 0.000917969

-0.0170387 0.000917969
-0.0170312 0.000927753

-0.0170313 0.000927318
-0.0170233 0.0009375

-0.0170235 0.0009375
-0.0170117 0.000951811

-0.0170117 0.00095163
-0.0170073 0.000957031

-0.0170074 0.000957031
-0.0169922 0.000974588

-0.0169922 0.000974538
-0.0169904 0.000976562

-0.0169905 0.000976562
-0.0169727 0.000996094

-0.0169731 0.000996094
-0.0169727 0.000996618

-0.0169727 0.000996146
-0.016954 0.00101563

-0.0169544 0.00101563
-0.0169531 0.00101694

-0.0169531 0.0010165
-0.0169343 0.00103516

-0.0169347 0.00103516
-0.0169336 0.0010362

-0.0169336 0.00103582
-0.0169141 0.00105419

-0.0169141 0.00105416
-0.0169135 0.00105469

-0.0169135 0.00105469
-0.0168945 0.00107166

-0.0168945 0.00107151
-0.0168914 0.00107422

-0.0168915 0.00107422
-0.016875 0.00108833

-0.016875 0.00108787
-0.0168678 0.00109375

-0.0168686 0.00109375
-0.0168555 0.00110439

-0.0168555 0.00110399
-0.0168435 0.00111328

-0.0168443 0.00111328
-0.0168359 0.0011196

-0.0168359 0.00111934
-0.0168178 0.00113281

-0.0168183 0.00113281
-0.0168164 0.00113419

-0.0168164 0.00113389
-0.0167969 0.00114777

-0.0167969 0.00114742
-0.0167896 0.00115234

-0.0167904 0.00115234
-0.0167773 0.0011612

-0.0167773 0.00116096
-0.0167605 0.00117187

-0.0167611 0.00117187
-0.0167578 0.00117392

-0.0167578 0.0011737
-0.0167383 0.00118583

-0.0167383 0.00118562
-0.0167285 0.00119141

-0.0167292 0.00119141
-0.0167187 0.00119762

-0.0167188 0.00119742
-0.0166992 0.00120852

-0.0166992 0.00120825
-0.0166943 0.00121094

-0.0166949 0.00121094
-0.0166797 0.0012192

-0.0166797 0.00121911
-0.0166602 0.00122924

-0.0166602 0.00122902
-0.0166572 0.00123047

-0.0166578 0.00123047
-0.0166406 0.00123896

-0.0166406 0.00123891
-0.0166211 0.00124814

-0.0166211 0.00124796
-0.0166166 0.00125

-0.0166171 0.00125
-0.0166016 0.001257

-0.0166016 0.00125694
-0.016582 0.00126532

-0.016582 0.00126523
-0.0165715 0.00126953

-0.0165719 0.00126953
-0.0165625 0.00127338

-0.0165625 0.00127329
-0.016543 0.00128086

-0.016543 0.00128086
-0.0165234 0.00128804

-0.0165234 0.00128792
-0.0165202 0.00128906

-0.0165206 0.00128906
-0.0165039 0.00129488

-0.0165039 0.00129485
-0.0164844 0.00130129

-0.0164844 0.00130128
-0.0164648 0.00130735

-0.0164648 0.00130727
-0.0164603 0.00130859

-0.0164607 0.00130859
-0.0164453 0.0013131

-0.0164453 0.00131307
-0.0164258 0.00131843

-0.0164258 0.00131843
-0.0164062 0.00132344

-0.0164063 0.00132344
-0.0163867 0.00132812

-0.0163867 0.00132805
-0.0163864 0.00132813

-0.0163867 0.00132813
-0.0163672 0.00133247

-0.0163672 0.00133246
-0.0163477 0.00133647

-0.0163477 0.00133647
-0.0163281 0.00134015

-0.0163281 0.00134015
-0.0163086 0.00134351

-0.0163086 0.00134351
-0.0162891 0.00134655

-0.0162891 0.00134655
-0.0162811 0.00134766

-0.0162811 0.00134766
-0.0162695 0.00134928

-0.0162695 0.00134928
-0.01625 0.00135169

-0.0155664 0.00124168
-0.015585 0.00125

-0.0155664 0.00124167
-0.0155469 0.00123255

-0.0155273 0.00122306
-0.0155426 0.00123047

-0.0155469 0.00123253
-0.0155426 0.00123047

-0.0155273 0.00122305
-0.0155078 0.00121314

-0.0154883 0.00120286
-0.0155036 0.00121094

-0.0154883 0.00120284
-0.0154687 0.00119211

-0.0155078 0.00121312
-0.0155037 0.00121094

-0.0153125 0.00109025
-0.0153173 0.00109375

-0.0154297 0.00116953
-0.0154337 0.00117187

-0.0154297 0.0011694
-0.0154102 0.00115737

-0.0153906 0.00114492
-0.0154022 0.00115234

-0.0154102 0.00115731
-0.0154024 0.00115234

-0.0154492 0.00118099
-0.0154675 0.00119141

-0.0154687 0.00119212
-0.0154675 0.00119141

-0.0154492 0.00118094
-0.0154339 0.00117187

-0.0153711 0.0011321
-0.0153722 0.00113281

-0.0153711 0.00113192
-0.0153516 0.00111847

-0.0153906 0.00114486
-0.0153725 0.00113281

-0.015332 0.00110456
-0.0153442 0.00111328

-0.0153516 0.00111838
-0.0153443 0.00111328

-0.015332 0.00110446
-0.0153176 0.00109375

-0.015 0.000760289
-0.0150008 0.000761719

-0.0150011 0.000761719
-0.0150145 0.00078125

-0.0151367 0.000932091
-0.0151418 0.0009375

-0.0151172 0.000910704
-0.0151237 0.000917969

-0.0151367 0.000931933
-0.0151239 0.000917969

-0.0150977 0.00088834
-0.0151063 0.000898438

-0.0150781 0.000865089
-0.0150896 0.000878906

-0.0150977 0.000888317
-0.0150897 0.000878906

-0.0151172 0.000910622
-0.0151065 0.000898438

-0.0150391 0.000815354
-0.0150427 0.000820313

-0.0150586 0.000840773
-0.0150734 0.000859375

-0.0150429 0.000820312
-0.0150579 0.000839844

-0.0150586 0.000840753
-0.0150579 0.000839844

-0.0150195 0.000788339
-0.0150284 0.000800781

-0.0150391 0.000815052
-0.0150285 0.000800781

-0.0150195 0.00078826
-0.0150146 0.00078125

-0.0150781 0.000865047
-0.0150735 0.000859375

-0.0153125 0.00109004
-0.015293 0.00107503

-0.0152734 0.00105946
-0.0152919 0.00107422

-0.015293 0.00107502
-0.0152919 0.00107422

-0.0152539 0.00104331
-0.0152676 0.00105469

-0.0152344 0.00102662
-0.0152444 0.00103516

-0.0152539 0.0010431
-0.0152445 0.00103516

-0.0152734 0.00105935
-0.0152677 0.00105469

-0.0152148 0.00100918
-0.015222 0.00101563

-0.0151953 0.000991078
-0.0152007 0.000996094

-0.0152148 0.00100888
-0.0152009 0.000996094

-0.0151758 0.000972222
-0.0151802 0.000976562

-0.0151562 0.000952576
-0.0151606 0.000957031

-0.0151758 0.000971965
-0.0151608 0.000957031

-0.0151953 0.00099077
-0.0151804 0.000976562

-0.0152344 0.00102629
-0.0152222 0.00101563

-0.0151562 0.000952385
-0.015142 0.0009375

-0.01625 0.00135169
-0.0162305 0.00135379

-0.0162305 0.00135379
-0.0162109 0.00135559

-0.0162109 0.00135559
-0.0161914 0.00135708

-0.0161914 0.00135707
-0.0161719 0.00135826

-0.0161719 0.00135826
-0.0161523 0.00135914

-0.0161523 0.00135914
-0.0161328 0.00135972

-0.0161328 0.00135972
-0.0161133 0.00136

-0.0161133 0.00136
-0.0160937 0.00135998

-0.0160938 0.00135998
-0.0160742 0.00135966

-0.0160742 0.00135966
-0.0160547 0.00135904

-0.0160547 0.00135904
-0.0160352 0.00135812

-0.0160352 0.00135812
-0.0160156 0.00135689

-0.0160156 0.00135689
-0.0159961 0.00135537

-0.0159961 0.00135537
-0.0159766 0.00135354

-0.0159766 0.00135354
-0.015957 0.00135141

-0.015957 0.00135141
-0.0159375 0.00134897

-0.015918 0.00134623
-0.0159281 0.00134766

-0.0159375 0.00134897
-0.0159282 0.00134766

-0.015918 0.00134623
-0.0158984 0.00134317

-0.0158984 0.00134317
-0.0158789 0.00133981

-0.0158789 0.00133981
-0.0158594 0.00133613

-0.0158203 0.00132786
-0.0158215 0.00132813

-0.0158203 0.00132784
-0.0158008 0.00132322

-0.0158008 0.00132321
-0.0157812 0.00131827

-0.0158594 0.00133613
-0.0158398 0.00133214

-0.0158398 0.00133213
-0.0158216 0.00132813

-0.0157813 0.00131827
-0.0157617 0.001313

-0.0157422 0.00130744
-0.0157462 0.00130859

-0.0157617 0.00131299
-0.0157464 0.00130859

-0.0157422 0.00130741
-0.0157227 0.00130149

-0.0157227 0.00130149
-0.0157031 0.00129523

-0.0156836 0.00128868
-0.0156847 0.00128906

-0.0156836 0.00128864
-0.0156641 0.0012817

-0.0157031 0.00129522
-0.0156849 0.00128906

-0.0156641 0.0012817
-0.0156445 0.00127441

-0.015625 0.00126695
-0.0156323 0.00126953

-0.0156445 0.00127439
-0.0156321 0.00126953

-0.015625 0.00126648
-0.0156055 0.00125908

-0.0156055 0.00125877
-0.0155859 0.0012504

-0.0155859 0.00125041
-0.015585 0.00125

-0.0147677 0
-0.0147679 1.95313e-05

-0.0147679 1.95312e-05
-0.0147683 3.90625e-05

-0.0147683 3.90625e-05
-0.014769 5.85938e-05

-0.014769 5.85938e-05
-0.01477 7.8125e-05

-0.01477 7.8125e-05
-0.0147712 9.76562e-05

-0.0147712 9.76563e-05
-0.0147728 0.000117187

-0.0147728 0.000117188
-0.0147746 0.000136719

-0.0147746 0.000136719
-0.0147768 0.00015625

-0.0147768 0.00015625
-0.0147792 0.000175781

-0.0147792 0.000175781
-0.0147819 0.000195313

-0.0147852 0.000216576
-0.0147881 0.000234375

-0.0147819 0.000195312
-0.0147849 0.000214844

-0.0147852 0.000216567
-0.0147849 0.000214844

-0.0147881 0.000234375
-0.0147917 0.000253906

-0.0147917 0.000253906
-0.0147956 0.000273438

-0.0147956 0.000273437
-0.0147998 0.000292969

-0.0147998 0.000292969
-0.0148042 0.0003125

-0.0148437 0.000447964
-0.0148442 0.000449219

-0.0148442 0.000449219
-0.0148513 0.00046875

-0.0148633 0.000500243
-0.0148663 0.000507813

-0.0148513 0.00046875
-0.0148586 0.000488281

-0.0148633 0.000500086
-0.0148586 0.000488281

-0.0148663 0.000507813
-0.0148743 0.000527344

-0.0148743 0.000527344
-0.0148827 0.000546875

-0.0148828 0.000547045
-0.0148915 0.000566406

-0.0148915 0.000566406
-0.0149006 0.000585937

-0.0149023 0.000588703
-0.0149098 0.000605469

-0.0149102 0.000605469
-0.0149201 0.000625

-0.0149023 0.000589405
-0.0149007 0.000585937

-0.0148828 0.000547035
-0.0148827 0.000546875

-0.0148047 0.000314366
-0.014809 0.000332031

-0.014809 0.000332031
-0.0148141 0.000351563

-0.0148242 0.000387433
-0.0148252 0.000390625

-0.0148141 0.000351562
-0.0148195 0.000371094

-0.0148242 0.000387269
-0.0148195 0.000371094

-0.0148047 0.000314352
-0.0148042 0.0003125

-0.0148252 0.000390625
-0.0148312 0.000410156

-0.0148312 0.000410156
-0.0148376 0.000429688

-0.0148437 0.000447746
-0.0148376 0.000429688

-0.0149609 0.000698622
-0.0149636 0.000703125

-0.0149219 0.000628481
-0.0149303 0.000644531

-0.0149304 0.000644531
-0.0149411 0.000664063

-0.0149414 0.0006647
-0.0149522 0.000683594

-0.0149609 0.000698327
-0.0149522 0.000683594

-0.0149414 0.000664682
-0.0149411 0.000664063

-0.0149805 0.000730227
-0.0149882 0.000742188

-0.0149637 0.000703125
-0.0149757 0.000722656

-0.0149805 0.000730012
-0.0149758 0.000722656

-0.015 0.000760843
-0.0149887 0.000742188

-0.0149219 0.000628419
-0.0149201 0.000625

