-0.0166318 0
-0.0166317 1.95313e-05

-0.0166317 1.95312e-05
-0.0166312 3.90625e-05

-0.0166312 3.90625e-05
-0.0166305 5.85938e-05

-0.0166304 5.85938e-05
-0.0166294 7.8125e-05

-0.0166294 7.8125e-05
-0.0166281 9.76562e-05

-0.0166281 9.76563e-05
-0.0166264 0.000117187

-0.0166264 0.000117188
-0.0166245 0.000136719

-0.0166245 0.000136719
-0.0166222 0.00015625

-0.0166222 0.00015625
-0.0166211 0.000165002

-0.0166211 0.000165002
-0.0166197 0.000175781

-0.0166197 0.000175781
-0.0166168 0.000195313

-0.0166168 0.000195312
-0.0166136 0.000214844

-0.0166136 0.000214844
-0.0166101 0.000234375

-0.0166101 0.000234375
-0.0166063 0.000253906

-0.0166063 0.000253906
-0.0166022 0.000273438

-0.0166022 0.000273437
-0.0166016 0.000276329

-0.0166016 0.000276329
-0.0165978 0.000292969

-0.0165978 0.000292969
-0.016593 0.0003125

-0.016593 0.0003125
-0.0165879 0.000332031

-0.0165879 0.000332031
-0.0165825 0.000351563

-0.0165825 0.000351562
-0.016582 0.000353091

-0.016582 0.000354211
-0.0165764 0.000371094

-0.0165768 0.000371094
-0.0165706 0.000390625

-0.0165701 0.000390625
-0.0165646 0.000410156

-0.0165641 0.000410156
-0.0165625 0.000414879

-0.0165625 0.000414878
-0.0165573 0.000429688

-0.0165573 0.000429688
-0.0165502 0.000449219

-0.0165502 0.000449219
-0.016543 0.000467858

-0.016543 0.000467907
-0.0165426 0.00046875

-0.016543 0.000469798
-0.0165339 0.000488281

-0.0165349 0.000488281
-0.0165263 0.000507813

-0.0165261 0.000507813
-0.0165234 0.000515651

-0.0165234 0.000512298
-0.0165187 0.000527344

-0.0165178 0.000527344
-0.0165087 0.000546875

-0.0165088 0.000546875
-0.0165039 0.000556882

-0.0165039 0.000557522
-0.016499 0.000566406

-0.0164995 0.000566406
-0.0164892 0.000585937

-0.016489 0.000585937
-0.0164844 0.000596486

-0.0164844 0.000594198
-0.0164798 0.000605469

-0.0164791 0.000605469
-0.0164684 0.000625

-0.0164684 0.000625
-0.0164648 0.000631253

-0.0164648 0.000630812
-0.0164575 0.000644531

-0.0164573 0.000644531
-0.0164456 0.000664063

-0.0164456 0.000664063
-0.0164453 0.000664515

-0.0164453 0.000664557
-0.0164335 0.000683594

-0.0164335 0.000683594
-0.0164258 0.000695569

-0.0164258 0.000695568
-0.0164209 0.000703125

-0.0164209 0.000703125
-0.0164078 0.000722656

-0.0164077 0.000722656
-0.0164062 0.000724829

-0.0164063 0.000724884
-0.0163942 0.000742188

-0.0163941 0.000742188
-0.0163867 0.000752448

-0.0163867 0.000752414
-0.01638 0.000761719

-0.01638 0.000761719
-0.0163672 0.000778629

-0.0163672 0.000778632
-0.0163652 0.00078125

-0.0163652 0.00078125
-0.0163498 0.000800781

-0.0163498 0.000800781
-0.0163477 0.000803395

-0.0163477 0.000803484
-0.0163339 0.000820313

-0.0163338 0.000820312
-0.0163281 0.000827056

-0.0163281 0.000827065
-0.0163173 0.000839844

-0.0163171 0.000839844
-0.0163086 0.000849628

-0.0163086 0.000849608
-0.0162999 0.000859375

-0.0162998 0.000859375
-0.0162891 0.000871163

-0.0162891 0.000871163
-0.0162818 0.000878906

-0.0162817 0.000878906
-0.0162695 0.000891725

-0.0162695 0.000891749
-0.016263 0.000898438

-0.0162629 0.000898438
-0.01625 0.000911389

-0.01625 0.000911422
-0.0162433 0.000917969

-0.0162433 0.000917969
-0.0162305 0.00093022

-0.0162305 0.000930283
-0.0162227 0.0009375

-0.0162228 0.0009375
-0.0162109 0.000948279

-0.0162109 0.000948397
-0.0162012 0.000957031

-0.0162013 0.000957031
-0.0161914 0.000965621

-0.0161914 0.000965754
-0.0161787 0.000976562

-0.0161787 0.000976562
-0.0161719 0.000982279

-0.0161719 0.000982365
-0.0161551 0.000996094

-0.0161551 0.000996094
-0.0161523 0.000998269

-0.0161523 0.000998328
-0.0161328 0.00101368

-0.0161328 0.00101369
-0.0161303 0.00101563

-0.0161302 0.00101563
-0.0161133 0.00102842

-0.0161133 0.00102847
-0.0161041 0.00103516

-0.016104 0.00103516
-0.0160937 0.00104255

-0.0160938 0.00104263
-0.0160765 0.00105469

-0.0160764 0.00105469
-0.0160742 0.00105613

-0.0160742 0.00105621
-0.0160547 0.00106929

-0.0160547 0.00106933
-0.0160471 0.00107422

-0.016047 0.00107422
-0.0160352 0.00108186

-0.0160352 0.0010819
-0.016016 0.00109375

-0.0160158 0.00109375
-0.0160156 0.00109386

-0.0160156 0.00109394
-0.0159961 0.00110553

-0.0159961 0.00110559
-0.0159826 0.00111328

-0.0159824 0.00111328
-0.0159766 0.00111663

-0.0159766 0.00111668
-0.015957 0.00112736

-0.015957 0.00112741
-0.0159467 0.00113281

-0.0159466 0.00113281
-0.0159375 0.00113758

-0.0159375 0.00113761
-0.015918 0.00114743

-0.015918 0.00114747
-0.0159078 0.00115234

-0.0159077 0.00115234
-0.0158984 0.0011568

-0.0158984 0.00115682
-0.0158789 0.00116582

-0.0158789 0.00116586
-0.0158652 0.00117187

-0.015865 0.00117187
-0.0158594 0.00117436

-0.0158594 0.00117441
-0.0158398 0.00118262

-0.0158398 0.00118263
-0.0158203 0.00119046

-0.0158203 0.00119047
-0.0158179 0.00119141

-0.0158178 0.00119141
-0.0158008 0.00119788

-0.0158008 0.00119788
-0.0157812 0.00120497

-0.0157813 0.001205
-0.015764 0.00121094

-0.0157636 0.00121094
-0.0157617 0.0012116

-0.0157617 0.00121167
-0.0157422 0.00121802

-0.0157422 0.00121803
-0.0157227 0.00122404

-0.0157227 0.00122404
-0.0157031 0.00122969

-0.0157031 0.0012297
-0.0157003 0.00123047

-0.0157002 0.00123047
-0.0156836 0.00123497

-0.0156836 0.00123498
-0.0156641 0.00123995

-0.0156641 0.00123995
-0.0156445 0.00124458

-0.0156445 0.00124457
-0.015625 0.00124887

-0.015625 0.00124889
-0.0156195 0.00125

-0.0156194 0.00125
-0.0156055 0.00125283

-0.0156055 0.00125284
-0.0155859 0.00125651

-0.0155859 0.00125651
-0.0155664 0.00125988

-0.0155664 0.00125988
-0.0155469 0.00126296

-0.0155469 0.00126296
-0.0155273 0.00126577

-0.0155273 0.00126577
-0.0155078 0.00126835

-0.0155078 0.00126826
-0.0154976 0.00126953

-0.0154984 0.00126953
-0.0154883 0.00127079

-0.0154883 0.00127094
-0.0154687 0.0012729

-0.0154687 0.00127244
-0.0154492 0.00127445

-0.0154492 0.00127452
-0.0154297 0.00127735

-0.0154297 0.00127756
-0.0154102 0.00128062

-0.0154102 0.00128063
-0.0153906 0.00128349

-0.0153906 0.00128349
-0.0153711 0.00128613

-0.0153711 0.00128612
-0.0153516 0.00128851

-0.0153548 0.00128906
-0.0153516 0.00128945

-0.0153516 0.00128844
-0.0153457 0.00128906

-0.0153471 0.00128906
-0.015332 0.00129068

-0.015332 0.00129066
-0.0153125 0.00129245

-0.0153125 0.00129244
-0.015293 0.00129391

-0.015293 0.0012939
-0.0152734 0.00129505

-0.0152734 0.00129504
-0.0152539 0.00129588

-0.0152539 0.00129588
-0.0152344 0.00129641

-0.0152344 0.00129642
-0.0152148 0.00129666

-0.0152148 0.00129666
-0.0151953 0.0012966

-0.0151953 0.0012966
-0.0151758 0.00129622

-0.0151758 0.00129622
-0.0151562 0.00129549

-0.0151562 0.00129549
-0.0151367 0.00129442

-0.0151367 0.00129442
-0.0151172 0.00129302

-0.0151172 0.00129301
-0.0150977 0.00129129

-0.0150977 0.00129128
-0.0150781 0.00128925

-0.0150586 0.00128688
-0.0150767 0.00128906

-0.0150586 0.0012869
-0.0150391 0.00128424

-0.0150781 0.00128941
-0.0150752 0.00128906

-0.0150391 0.00128424
-0.0150195 0.00128124

-0.0150195 0.00128125
-0.015 0.00127789

-0.0148633 0.00124463
-0.0148816 0.00125

-0.0148633 0.00124467
-0.0148437 0.00123858

-0.0148437 0.0012386
-0.0148242 0.0012321

-0.0148047 0.00122503
-0.0148201 0.00123047

-0.0148242 0.00123252
-0.0148184 0.00123047

-0.0147656 0.00121007
-0.0147678 0.00121094

-0.0148047 0.00122517
-0.0147852 0.00121789

-0.0147852 0.0012179
-0.0147673 0.00121094

-0.0147656 0.00121027
-0.0147461 0.00120233

-0.0147461 0.00120232
-0.0147266 0.00119405

-0.014707 0.00118534
-0.0147208 0.00119141

-0.0147266 0.00119436
-0.0147199 0.00119141

-0.014707 0.00118547
-0.0146875 0.00117647

-0.0145312 0.00108988
-0.0145374 0.00109375

-0.014668 0.00116685
-0.0146784 0.00117187

-0.014668 0.00116702
-0.0146484 0.00115715

-0.0146289 0.0011466
-0.0146398 0.00115234

-0.0146484 0.0011575
-0.0146387 0.00115234

-0.0146289 0.0011468
-0.0146094 0.00113615

-0.0146875 0.00117671
-0.0146775 0.00117187

-0.0145898 0.001125
-0.0146037 0.00113281

-0.0145898 0.00112519
-0.0145703 0.00111385

-0.0146094 0.00113677
-0.0146023 0.00113281

-0.0145508 0.00110218
-0.0145693 0.00111328

-0.0145703 0.0011144
-0.0145684 0.00111328

-0.0145508 0.0011023
-0.0145371 0.00109375

-0.0145312 0.00109002
-0.0145117 0.00107726

-0.0144922 0.00106379
-0.0145076 0.00107422

-0.0145117 0.0010778
-0.0145062 0.00107422

-0.0144727 0.00104978
-0.0144798 0.00105469

-0.0144727 0.00105034
-0.0144531 0.00103649

-0.0144922 0.00106429
-0.0144784 0.00105469

-0.0144141 0.00100701
-0.0144253 0.00101563

-0.014375 0.000975284
-0.0143765 0.000976562

-0.0143945 0.000991544
-0.0144003 0.000996094

-0.0144141 0.00100734
-0.0143999 0.000996094

-0.0143945 0.00099179
-0.0143761 0.000976562

-0.0144336 0.00102224
-0.0144512 0.00103516

-0.0144531 0.00103704
-0.0144505 0.00103516

-0.0144336 0.0010225
-0.0144244 0.00101563

-0.0140625 0.000606523
-0.0140731 0.000625

-0.0139063 0.000100013
-0.0139079 0.000117187

-0.0139079 0.000117188
-0.0139101 0.000136719

-0.0139101 0.000136719
-0.0139126 0.00015625

-0.0139126 0.00015625
-0.0139155 0.000175781

-0.0139155 0.000175781
-0.0139187 0.000195313

-0.0139258 0.000234272
-0.0139258 0.000234375

-0.0139187 0.000195312
-0.0139221 0.000214844

-0.0139258 0.000233902
-0.0139221 0.000214844

-0.0139259 0.000234375
-0.0139298 0.000253906

-0.0139298 0.000253906
-0.0139341 0.000273438

-0.0139341 0.000273437
-0.0139387 0.000292969

-0.0139386 0.000292969
-0.0139436 0.0003125

-0.0139022 0
-0.0139024 1.95313e-05

-0.0139024 1.95312e-05
-0.0139028 3.90625e-05

-0.0139028 3.90625e-05
-0.0139035 5.85938e-05

-0.0139035 5.85938e-05
-0.0139046 7.8125e-05

-0.0139046 7.8125e-05
-0.013906 9.76562e-05

-0.0139844 0.000438798
-0.0139883 0.000449219

-0.0139881 0.000449219
-0.0139959 0.00046875

-0.0139453 0.00031878
-0.0139489 0.000332031

-0.0139489 0.000332031
-0.0139546 0.000351563

-0.0139648 0.000383181
-0.0139673 0.000390625

-0.0139546 0.000351562
-0.0139606 0.000371094

-0.0139648 0.000384735
-0.0139604 0.000371094

-0.0139453 0.000318527
-0.0139437 0.0003125

-0.0139669 0.000390625
-0.0139736 0.000410156

-0.0139736 0.000410156
-0.0139806 0.000429688

-0.0139844 0.000440266
-0.0139803 0.000429688

-0.0140234 0.000531216
-0.014031 0.000546875

-0.0140039 0.000487361
-0.0140043 0.000488281

-0.014004 0.000488281
-0.0140125 0.000507813

-0.0140039 0.000488154
-0.0139958 0.00046875

-0.0140125 0.000507813
-0.0140215 0.000527344

-0.0140234 0.000531974
-0.0140212 0.000527344

-0.014043 0.00057023
-0.0140512 0.000585937

-0.0140309 0.000546875
-0.0140407 0.000566406

-0.014043 0.000571621
-0.0140402 0.000566406

-0.014051 0.000585937
-0.0140617 0.000605469

-0.0140625 0.000608538
-0.0140608 0.000605469

-0.0143164 0.000923922
-0.0143314 0.0009375

-0.0142969 0.000905676
-0.0143101 0.000917969

-0.0143164 0.000924677
-0.0143091 0.000917969

-0.0142383 0.000846005
-0.0142507 0.000859375

-0.0142188 0.000824502
-0.0142325 0.000839844

-0.0142383 0.000846728
-0.014232 0.000839844

-0.0142773 0.000886534
-0.0142895 0.000898438

-0.0142578 0.000866589
-0.0142697 0.000878906

-0.0142773 0.000887658
-0.0142686 0.000878906

-0.0142969 0.000906362
-0.0142886 0.000898438

-0.0142578 0.000867468
-0.0142501 0.000859375

-0.0141797 0.000778558
-0.0141818 0.00078125

-0.0141406 0.000727711
-0.0141513 0.000742188

-0.0141602 0.000753572
-0.0141663 0.000761719

-0.0141797 0.000778809
-0.014166 0.000761719

-0.0141602 0.00075437
-0.0141509 0.000742188

-0.0141211 0.000700256
-0.014123 0.000703125

-0.0141016 0.000670704
-0.0141099 0.000683594

-0.0141211 0.000700775
-0.0141094 0.000683594

-0.014082 0.000639527
-0.014085 0.000644531

-0.0140846 0.000644531
-0.0140968 0.000664063

-0.014082 0.000640459
-0.0140728 0.000625

-0.0141016 0.000672537
-0.0140961 0.000664063

-0.0141228 0.000703125
-0.0141367 0.000722656

-0.0141406 0.00072871
-0.0141363 0.000722656

-0.0141992 0.000802167
-0.0142149 0.000820313

-0.0141817 0.00078125
-0.0141979 0.000800781

-0.0141992 0.000803755
-0.0141967 0.000800781

-0.0142187 0.0008255
-0.0142142 0.000820312

-0.014375 0.000975406
-0.0143555 0.000958886

-0.0143359 0.000941928
-0.0143532 0.000957031

-0.0143555 0.000960103
-0.0143519 0.000957031

-0.0143359 0.00094248
-0.0143304 0.0009375

-0.015 0.00127789
-0.0149805 0.00127418

-0.0149805 0.00127417
-0.0149609 0.00127009

-0.0149414 0.00126561
-0.0149586 0.00126953

-0.0149609 0.0012703
-0.0149576 0.00126953

-0.0149414 0.00126564
-0.0149219 0.00126087

-0.0149219 0.00126087
-0.0149023 0.00125577

-0.0149023 0.00125576
-0.0148828 0.00125037

-0.0148828 0.0012508
-0.0148801 0.00125

