-0.0167328 0
-0.0167328 1.95313e-05

-0.0167328 1.95312e-05
-0.0167327 3.90625e-05

-0.0167327 3.90625e-05
-0.0167325 5.85938e-05

-0.0167325 5.85938e-05
-0.0167324 7.8125e-05

-0.0167324 7.8125e-05
-0.0167321 9.76562e-05

-0.0167321 9.76563e-05
-0.0167318 0.000117187

-0.0167318 0.000117188
-0.0167314 0.000136719

-0.0167314 0.000136719
-0.016731 0.00015625

-0.016731 0.00015625
-0.0167304 0.000175781

-0.0167304 0.000175781
-0.0167297 0.000195313

-0.0167298 0.000195312
-0.016729 0.000214844

-0.016729 0.000214844
-0.0167281 0.000234375

-0.0167281 0.000234375
-0.0167271 0.000253906

-0.0167271 0.000253906
-0.0167259 0.000273438

-0.0167259 0.000273437
-0.0167245 0.000292969

-0.0167245 0.000292969
-0.0167229 0.0003125

-0.0167229 0.0003125
-0.016721 0.000332031

-0.016721 0.000332031
-0.0167187 0.000351528

-0.0167188 0.000351562
-0.0167187 0.000351641

-0.0167188 0.00035164
-0.0167162 0.000371094

-0.0167162 0.000371094
-0.0167132 0.000390625

-0.0167132 0.000390625
-0.0167097 0.000410156

-0.0167097 0.000410156
-0.0167058 0.000429688

-0.0167058 0.000429688
-0.0167014 0.000449219

-0.0167014 0.000449219
-0.0166992 0.00045773

-0.0166992 0.00045771
-0.0166964 0.00046875

-0.0166964 0.00046875
-0.016691 0.000488281

-0.016691 0.000488281
-0.0166851 0.000507813

-0.0166851 0.000507813
-0.0166797 0.000524695

-0.0166797 0.000524686
-0.0166788 0.000527344

-0.0166788 0.000527344
-0.0166721 0.000546875

-0.0166721 0.000546875
-0.0166651 0.000566406

-0.0166651 0.000566406
-0.0166602 0.000579784

-0.0166602 0.000579769
-0.0166579 0.000585937

-0.0166579 0.000585937
-0.0166504 0.000605469

-0.0166504 0.000605469
-0.0166428 0.000625

-0.0166428 0.000625
-0.0166406 0.000630447

-0.0166406 0.000630419
-0.016635 0.000644531

-0.016635 0.000644531
-0.0166272 0.000664063

-0.0166272 0.000664063
-0.0166211 0.00067901

-0.0166211 0.000679001
-0.0166192 0.000683594

-0.0166192 0.000683594
-0.0166111 0.000703125

-0.0166112 0.000703125
-0.0166029 0.000722656

-0.016603 0.000722656
-0.0166016 0.000725939

-0.0166016 0.000725898
-0.0165946 0.000742188

-0.0165946 0.000742188
-0.016586 0.000761719

-0.0165859 0.000761719
-0.016582 0.000771033

-0.016582 0.00077065
-0.0165773 0.00078125

-0.0165773 0.00078125
-0.0165682 0.000800781

-0.0165683 0.000800781
-0.0165625 0.000812879

-0.0165625 0.000812854
-0.0165589 0.000820313

-0.0165589 0.000820312
-0.0165493 0.000839844

-0.0165493 0.000839844
-0.016543 0.000852256

-0.016543 0.000852229
-0.0165393 0.000859375

-0.0165393 0.000859375
-0.0165289 0.000878906

-0.0165289 0.000878906
-0.0165234 0.000888779

-0.0165234 0.000888735
-0.016518 0.000898438

-0.0165181 0.000898438
-0.0165067 0.000917969

-0.0165067 0.000917969
-0.0165039 0.000922627

-0.0165039 0.000922531
-0.0164948 0.0009375

-0.0164948 0.0009375
-0.0164844 0.000953755

-0.0164844 0.00095372
-0.0164823 0.000957031

-0.0164823 0.000957031
-0.0164691 0.000976562

-0.0164691 0.000976562
-0.0164648 0.000982677

-0.0164648 0.000982542
-0.0164552 0.000996094

-0.0164552 0.000996094
-0.0164453 0.00100923

-0.0164453 0.00100917
-0.0164405 0.00101563

-0.0164405 0.00101563
-0.0164258 0.00103401

-0.0164258 0.00103402
-0.0164249 0.00103516

-0.0164249 0.00103516
-0.0164083 0.00105469

-0.0164083 0.00105469
-0.0164062 0.00105699

-0.0164063 0.00105694
-0.0163906 0.00107422

-0.0163905 0.00107422
-0.0163867 0.00107827

-0.0163867 0.00107821
-0.0163716 0.00109375

-0.0163716 0.00109375
-0.0163672 0.00109811

-0.0163672 0.00109812
-0.0163511 0.00111328

-0.0163513 0.00111328
-0.0163477 0.0011166

-0.0163477 0.00111657
-0.0163293 0.00113281

-0.0163294 0.00113281
-0.0163281 0.00113388

-0.0163281 0.00113378
-0.0163086 0.00114989

-0.0163086 0.00114987
-0.0163054 0.00115234

-0.0163054 0.00115234
-0.0162891 0.00116494

-0.0162891 0.00116491
-0.0162794 0.00117187

-0.0162795 0.00117187
-0.0162695 0.00117897

-0.0162695 0.00117892
-0.0162509 0.00119141

-0.0162512 0.00119141
-0.01625 0.00119215

-0.01625 0.00119203
-0.0162305 0.00120431

-0.0162305 0.00120428
-0.0162191 0.00121094

-0.0162193 0.00121094
-0.0162109 0.00121581

-0.0162109 0.00121566
-0.0161914 0.00122633

-0.0161914 0.00122635
-0.0161833 0.00123047

-0.0161835 0.00123047
-0.0161719 0.00123638

-0.0161719 0.00123623
-0.0161523 0.00124545

-0.0161523 0.00124546
-0.016142 0.00125

-0.0154102 0.00124508
-0.0154234 0.00125

-0.0154102 0.00124503
-0.0153906 0.00123737

-0.0153711 0.00122941
-0.0153737 0.00123047

-0.0153906 0.00123739
-0.0153738 0.00123047

-0.0153711 0.00122937
-0.0153516 0.0012209

-0.0153125 0.00120272
-0.0153297 0.00121094

-0.0153516 0.00122087
-0.015332 0.00121199

-0.015332 0.00121203
-0.0153298 0.00121094

-0.0152344 0.00116091
-0.0152536 0.00117187

-0.0153125 0.00120267
-0.015293 0.00119291

-0.0152734 0.00118275
-0.01529 0.00119141

-0.015293 0.00119294
-0.01529 0.00119141

-0.0152734 0.00118271
-0.0152539 0.00117202

-0.0152539 0.00117205
-0.0152536 0.00117187

-0.0152148 0.00114933
-0.0152199 0.00115234

-0.0152344 0.00116088
-0.0152201 0.00115234

-0.0152148 0.00114923
-0.0151953 0.00113708

-0.0151758 0.00112447
-0.0151886 0.00113281

-0.0151562 0.00111135
-0.0151591 0.00111328

-0.0151758 0.00112441
-0.0151594 0.00111328

-0.0151953 0.00113707
-0.0151887 0.00113281

-0.0151172 0.00108315
-0.0151316 0.00109375

-0.0150781 0.00105276
-0.0150805 0.00105469

-0.0150977 0.00106831
-0.0151055 0.00107422

-0.0151172 0.00108307
-0.0151056 0.00107422

-0.0150977 0.00106817
-0.0150807 0.00105469

-0.0150195 0.00100206
-0.0150346 0.00101563

-0.015 0.000983796
-0.0150132 0.000996094

-0.0150195 0.00100195
-0.0150132 0.000996094

-0.0150781 0.00105263
-0.0150586 0.00103644

-0.0150391 0.0010196
-0.0150571 0.00103516

-0.0150586 0.00103643
-0.0150571 0.00103516

-0.0150391 0.00101954
-0.0150346 0.00101563

-0.0151562 0.0011112
-0.0151367 0.00109745

-0.0151367 0.00109738
-0.0151316 0.00109375

-0.0161423 0.00125
-0.0161328 0.00125415

-0.0161328 0.00125406
-0.0161133 0.00126194

-0.0161133 0.00126188
-0.0160937 0.00126923

-0.0160938 0.00126927
-0.016093 0.00126953

-0.0160932 0.00126953
-0.0160742 0.00127608

-0.0160742 0.00127601
-0.0160547 0.00128211

-0.0160547 0.00128207
-0.0160352 0.00128774

-0.0160352 0.00128779
-0.0160303 0.00128906

-0.0160304 0.00128906
-0.0160156 0.00129297

-0.0160156 0.00129293
-0.0159961 0.00129749

-0.0159961 0.00129747
-0.0159766 0.00130155

-0.0159766 0.00130155
-0.015957 0.00130518

-0.015957 0.00130517
-0.0159375 0.00130838

-0.0159375 0.00130847
-0.0159366 0.00130859

-0.0159361 0.00130859
-0.015918 0.00131116

-0.015918 0.00131114
-0.0158984 0.00131341

-0.0158984 0.0013134
-0.0158789 0.00131525

-0.0158789 0.00131525
-0.0158594 0.00131668

-0.0158594 0.00131668
-0.0158398 0.0013177

-0.0158398 0.0013177
-0.0158203 0.00131833

-0.0158203 0.00131833
-0.0158008 0.00131857

-0.0158008 0.00131857
-0.0157812 0.00131843

-0.0157813 0.00131843
-0.0157617 0.0013179

-0.0157617 0.0013179
-0.0157422 0.001317

-0.0157422 0.001317
-0.0157227 0.00131572

-0.0157227 0.00131571
-0.0157031 0.00131406

-0.0157031 0.00131406
-0.0156836 0.00131204

-0.0156836 0.00131204
-0.0156641 0.00130966

-0.0156445 0.00130692
-0.0156564 0.00130859

-0.0156641 0.00130967
-0.0156564 0.00130859

-0.0156445 0.00130692
-0.015625 0.00130379

-0.015625 0.00130378
-0.0156055 0.00130028

-0.0156055 0.00130028
-0.0155859 0.00129641

-0.0155469 0.00128767
-0.0155528 0.00128906

-0.0155859 0.0012964
-0.0155664 0.0012922

-0.0155664 0.00129222
-0.0155529 0.00128906

-0.0155469 0.00128767
-0.0155273 0.0012827

-0.0155273 0.00128268
-0.0155078 0.00127733

-0.0155078 0.00127732
-0.0154883 0.00127164

-0.0154687 0.00126563
-0.0154813 0.00126953

-0.0154883 0.00127168
-0.0154814 0.00126953

-0.0154687 0.0012656
-0.0154492 0.00125911

-0.0154492 0.00125909
-0.0154297 0.00125226

-0.0154297 0.0012523
-0.0154235 0.00125

-0.0146875 0.000526576
-0.0146878 0.000527344

-0.0146879 0.000527344
-0.0146962 0.000546875

-0.0147266 0.000612035
-0.0147331 0.000625

-0.014707 0.000571194
-0.0147139 0.000585937

-0.0146962 0.000546875
-0.0147049 0.000566406

-0.014707 0.000571134
-0.0147048 0.000566406

-0.0147139 0.000585937
-0.0147233 0.000605469

-0.0147266 0.000611952
-0.0147233 0.000605469

-0.0145832 0
-0.0145834 1.95313e-05

-0.0145834 1.95312e-05
-0.0145838 3.90625e-05

-0.0145838 3.90625e-05
-0.0145845 5.85938e-05

-0.0145845 5.85938e-05
-0.0145855 7.8125e-05

-0.0145855 7.8125e-05
-0.0145867 9.76562e-05

-0.0145867 9.76563e-05
-0.0145882 0.000117187

-0.0145898 0.000135372
-0.01459 0.000136719

-0.01459 0.000136719
-0.014592 0.00015625

-0.0145898 0.000135341
-0.0145882 0.000117188

-0.0146094 0.000268122
-0.0146104 0.000273438

-0.0146104 0.000273437
-0.0146145 0.000292969

-0.0146145 0.000292969
-0.0146189 0.0003125

-0.014592 0.00015625
-0.0145944 0.000175781

-0.0145944 0.000175781
-0.014597 0.000195313

-0.014597 0.000195312
-0.0146 0.000214844

-0.0146 0.000214844
-0.0146032 0.000234375

-0.0146032 0.000234375
-0.0146067 0.000253906

-0.0146094 0.000268055
-0.0146067 0.000253906

-0.0146189 0.0003125
-0.0146236 0.000332031

-0.0146236 0.000332031
-0.0146285 0.000351563

-0.0146289 0.000353024
-0.0146338 0.000371094

-0.0146338 0.000371094
-0.0146394 0.000390625

-0.0146289 0.000353011
-0.0146285 0.000351562

-0.0146484 0.000419872
-0.0146516 0.000429688

-0.0146516 0.000429688
-0.0146582 0.000449219

-0.0146582 0.000449219
-0.0146651 0.00046875

-0.0146395 0.000390625
-0.0146454 0.000410156

-0.0146484 0.000419796
-0.0146454 0.000410156

-0.014668 0.000476585
-0.0146723 0.000488281

-0.0146723 0.000488281
-0.0146799 0.000507813

-0.014668 0.000476512
-0.0146651 0.00046875

-0.0146875 0.000526407
-0.0146799 0.000507813

-0.0149414 0.000923945
-0.0149539 0.0009375

-0.0149219 0.000902329
-0.0149358 0.000917969

-0.0149414 0.000923982
-0.0149359 0.000917969

-0.0148828 0.000856055
-0.0148855 0.000859375

-0.0148437 0.000804901
-0.0148551 0.000820313

-0.0148633 0.000831024
-0.01487 0.000839844

-0.0148828 0.000855885
-0.0148701 0.000839844

-0.0148633 0.000830993
-0.0148552 0.000820312

-0.0149023 0.000879704
-0.0149184 0.000898438

-0.0148856 0.000859375
-0.0149017 0.000878906

-0.0149023 0.000879696
-0.0149017 0.000878906

-0.0149219 0.000902326
-0.0149185 0.000898438

-0.0147656 0.000684746
-0.0147764 0.000703125

-0.0148242 0.000777441
-0.0148268 0.00078125

-0.0148047 0.000748285
-0.0148135 0.000761719

-0.0148242 0.000777294
-0.0148136 0.000761719

-0.0147852 0.00071756
-0.0147883 0.000722656

-0.0147883 0.000722656
-0.0148007 0.000742188

-0.0147852 0.000717395
-0.0147764 0.000703125

-0.0148047 0.000748233
-0.0148007 0.000742188

-0.0147461 0.000649705
-0.0147539 0.000664063

-0.0147331 0.000625
-0.0147433 0.000644531

-0.0147461 0.000649632
-0.0147433 0.000644531

-0.0147539 0.000664063
-0.014765 0.000683594

-0.0147656 0.00068473
-0.014765 0.000683594

-0.0148269 0.00078125
-0.0148407 0.000800781

-0.0148437 0.000804903
-0.0148408 0.000800781

-0.0149805 0.000964684
-0.0149926 0.000976562

-0.0149609 0.000944751
-0.0149728 0.000957031

-0.0149805 0.000964635
-0.0149729 0.000957031

-0.015 0.000983672
-0.0149926 0.000976562

-0.0149609 0.000944738
-0.014954 0.0009375

