-0.0178163 0
-0.0178162 1.95313e-05

-0.0178162 1.95312e-05
-0.0178157 3.90625e-05

-0.0178157 3.90625e-05
-0.0178149 5.85938e-05

-0.0178149 5.85938e-05
-0.0178138 7.8125e-05

-0.0178138 7.8125e-05
-0.0178125 9.60398e-05

-0.0178125 9.60389e-05
-0.0178124 9.76562e-05

-0.0178124 9.76563e-05
-0.0178106 0.000117187

-0.0178106 0.000117188
-0.0178086 0.000136719

-0.0178086 0.000136719
-0.0178062 0.00015625

-0.0178062 0.00015625
-0.0178035 0.000175781

-0.0178035 0.000175781
-0.0178005 0.000195313

-0.0178005 0.000195312
-0.0177972 0.000214844

-0.0177972 0.000214844
-0.0177935 0.000234375

-0.0177935 0.000234375
-0.017793 0.000237124

-0.017793 0.000237109
-0.0177895 0.000253906

-0.0177895 0.000253906
-0.0177852 0.000273438

-0.0177852 0.000273437
-0.0177806 0.000292969

-0.0177806 0.000292969
-0.0177757 0.0003125

-0.0177757 0.0003125
-0.0177734 0.000320788

-0.0177734 0.000320776
-0.0177704 0.000332031

-0.0177704 0.000332031
-0.0177648 0.000351563

-0.0177648 0.000351562
-0.0177588 0.000371094

-0.0177588 0.000371094
-0.0177539 0.000386479

-0.0177539 0.000386475
-0.0177526 0.000390625

-0.0177526 0.000390625
-0.017746 0.000410156

-0.017746 0.000410156
-0.017739 0.000429688

-0.017739 0.000429688
-0.0177344 0.000442145

-0.0177344 0.000442137
-0.0177317 0.000449219

-0.0177317 0.000449219
-0.0177241 0.00046875

-0.0177241 0.00046875
-0.0177161 0.000488281

-0.0177161 0.000488281
-0.0177148 0.000491436

-0.0177148 0.000491313
-0.0177078 0.000507813

-0.0177078 0.000507813
-0.0176991 0.000527344

-0.0176992 0.000527344
-0.0176953 0.00053565

-0.0176953 0.000535638
-0.0176901 0.000546875

-0.0176901 0.000546875
-0.0176807 0.000566406

-0.0176807 0.000566406
-0.0176758 0.000576348

-0.0176758 0.000576339
-0.017671 0.000585937

-0.017671 0.000585937
-0.0176609 0.000605469

-0.0176604 0.000605469
-0.0176562 0.000615159

-0.0176563 0.000613159
-0.0176509 0.000625

-0.0176506 0.000625
-0.0176393 0.000644531

-0.0176398 0.000644531
-0.0176367 0.000649029

-0.0176367 0.000649449
-0.0176283 0.000664063

-0.0176283 0.000664063
-0.0176172 0.000682754

-0.0176172 0.000682747
-0.0176167 0.000683594

-0.0176167 0.000683594
-0.0176047 0.000703125

-0.0176047 0.000703125
-0.0175977 0.00071416

-0.0175977 0.000714156
-0.0175923 0.000722656

-0.0175923 0.000722656
-0.0175794 0.000742188

-0.0175794 0.000742188
-0.0175781 0.000744077

-0.0175781 0.00074411
-0.0175662 0.000761719

-0.017566 0.000761719
-0.0175586 0.000772786

-0.0175586 0.000772537
-0.0175525 0.00078125

-0.0175525 0.00078125
-0.0175391 0.000799837

-0.0175391 0.000799837
-0.0175384 0.000800781

-0.0175384 0.000800781
-0.0175238 0.000820313

-0.0175237 0.000820312
-0.0175195 0.000825887

-0.0175195 0.000825894
-0.0175088 0.000839844

-0.0175087 0.000839844
-0.0175 0.000850937

-0.0175 0.000850842
-0.0174933 0.000859375

-0.0174933 0.000859375
-0.0174805 0.000874959

-0.0174805 0.000874968
-0.0174772 0.000878906

-0.0174772 0.000878906
-0.0174609 0.000898146

-0.0174609 0.000898148
-0.0174607 0.000898438

-0.0174607 0.000898438
-0.0174436 0.000917969

-0.0174435 0.000917969
-0.0174414 0.000920349

-0.0174414 0.000920429
-0.017426 0.0009375

-0.0174259 0.0009375
-0.0174219 0.000941846

-0.0174219 0.000941883
-0.0174078 0.000957031

-0.0174076 0.000957031
-0.0174023 0.000962595

-0.0174023 0.000962633
-0.0173889 0.000976562

-0.0173888 0.000976562
-0.0173828 0.000982623

-0.0173828 0.000982695
-0.0173693 0.000996094

-0.0173684 0.000996094
-0.0173633 0.00100303

-0.0173633 0.00100064
-0.0173504 0.00101563

-0.0173491 0.00101563
-0.0173438 0.00102069

-0.0173438 0.00102229
-0.0173262 0.00103516

-0.0173289 0.00103516
-0.0173242 0.0010381

-0.0173242 0.00103874
-0.0173063 0.00105469

-0.0173063 0.00105469
-0.0173047 0.0010561

-0.0173047 0.00105615
-0.0172852 0.00107296

-0.0172852 0.00107296
-0.0172837 0.00107422

-0.0172829 0.00107422
-0.0172656 0.00108984

-0.0172656 0.00108926
-0.0172599 0.00109375

-0.0172612 0.00109375
-0.0172461 0.0011039

-0.0172461 0.00110489
-0.0172352 0.00111328

-0.0172352 0.00111328
-0.0172266 0.00111981

-0.0172266 0.00111993
-0.0172092 0.00113281

-0.0172092 0.00113281
-0.017207 0.00113436

-0.017207 0.00113442
-0.0171875 0.00114837

-0.0171875 0.00114842
-0.0171817 0.00115234

-0.0171817 0.00115234
-0.017168 0.00116176

-0.017168 0.0011618
-0.0171526 0.00117187

-0.0171526 0.00117187
-0.0171484 0.00117453

-0.0171484 0.00117461
-0.0171289 0.00118689

-0.0171289 0.00118693
-0.0171214 0.00119141

-0.0171214 0.00119141
-0.0171094 0.0011986

-0.0171094 0.00119863
-0.0170898 0.00120978

-0.0170898 0.00120979
-0.0170877 0.00121094

-0.0170877 0.00121094
-0.0170703 0.00122034

-0.0170703 0.00122036
-0.0170508 0.00123035

-0.0170508 0.00123035
-0.0170505 0.00123047

-0.0170505 0.00123047
-0.0170312 0.00123974

-0.0170313 0.00123975
-0.0170117 0.00124856

-0.0170117 0.00124858
-0.0170083 0.00125

-0.0164258 0.00124942
-0.0164277 0.00125

-0.0164258 0.00124956
-0.0164062 0.00124328

-0.0164063 0.00124328
-0.0163867 0.00123665

-0.0163672 0.00122947
-0.01637 0.00123047

-0.0163867 0.00123668
-0.0163694 0.00123047

-0.0163672 0.00122967
-0.0163477 0.00122227

-0.0163477 0.00122228
-0.0163281 0.00121445

-0.0163086 0.00120595
-0.0163204 0.00121094

-0.0163086 0.00120618
-0.0162891 0.00119745

-0.0163281 0.00121475
-0.0163191 0.00121094

-0.0162695 0.00118806
-0.0162767 0.00119141

-0.0162891 0.00119756
-0.016276 0.00119141

-0.0162695 0.00118827
-0.01625 0.00117865

-0.0170083 0.00125
-0.0169922 0.00125673

-0.0169922 0.00125672
-0.0169727 0.00126422

-0.0169727 0.00126425
-0.0169576 0.00126953

-0.0169575 0.00126953
-0.0169531 0.00127105

-0.0169531 0.00127107
-0.0169336 0.00127717

-0.0169336 0.00127715
-0.0169141 0.00128257

-0.0169141 0.00128264
-0.0168945 0.0012873

-0.0168945 0.00128776
-0.0168874 0.00128906

-0.0168837 0.00128906
-0.016875 0.00129065

-0.016875 0.00129069
-0.0168555 0.00129349

-0.0168555 0.00129354
-0.0168359 0.00129604

-0.0168359 0.00129606
-0.0168164 0.00129811

-0.0168164 0.00129812
-0.0167969 0.00129967

-0.0167969 0.00129967
-0.0167773 0.00130069

-0.0167773 0.00130068
-0.0167578 0.00130117

-0.0167578 0.00130116
-0.0167383 0.00130117

-0.0167383 0.00130117
-0.0167187 0.00130071

-0.0167188 0.0013007
-0.0166992 0.00129979

-0.0166992 0.00129978
-0.0166797 0.00129847

-0.0166797 0.00129846
-0.0166602 0.00129677

-0.0166602 0.00129676
-0.0166406 0.00129471

-0.0166406 0.00129471
-0.0166211 0.00129231

-0.0166211 0.00129231
-0.0166016 0.00128959

-0.016582 0.00128645
-0.0165987 0.00128906

-0.016582 0.00128653
-0.0165625 0.00128316

-0.0166016 0.00128987
-0.0165964 0.00128906

-0.0165625 0.00128317
-0.016543 0.00127947

-0.016543 0.00127948
-0.0165234 0.00127543

-0.0165234 0.00127543
-0.0165039 0.00127101

-0.0164844 0.0012661
-0.0164984 0.00126953

-0.0165039 0.00127127
-0.0164968 0.00126953

-0.0164844 0.00126622
-0.0164648 0.00126104

-0.0164648 0.00126104
-0.0164453 0.00125549

-0.0164453 0.0012555
-0.0164272 0.00125

-0.0156412 0
-0.0156412 1.95313e-05

-0.0156412 1.95312e-05
-0.0156412 3.90625e-05

-0.0156412 3.90625e-05
-0.0156411 5.85938e-05

-0.0156411 5.85938e-05
-0.0156411 7.8125e-05

-0.0156411 7.8125e-05
-0.0156411 9.76562e-05

-0.0156411 9.76563e-05
-0.0156411 0.000117187

-0.0156411 0.000117188
-0.0156411 0.000136719

-0.0156411 0.000136719
-0.0156412 0.00015625

-0.0156412 0.00015625
-0.0156413 0.000175781

-0.0156413 0.000175781
-0.0156414 0.000195313

-0.0156414 0.000195312
-0.0156416 0.000214844

-0.0156416 0.000214844
-0.0156419 0.000234375

-0.0156419 0.000234375
-0.0156423 0.000253906

-0.0156422 0.000253906
-0.0156427 0.000273438

-0.0156427 0.000273437
-0.0156433 0.000292969

-0.0156433 0.000292969
-0.015644 0.0003125

-0.0156445 0.000317525
-0.0156452 0.000332031

-0.015645 0.000332031
-0.0156462 0.000351563

-0.0156445 0.000328775
-0.0156437 0.0003125

-0.0156445 0.000339804
-0.015644 0.000332031

-0.0156462 0.000351562
-0.0156477 0.000371094

-0.0156476 0.000371094
-0.0156495 0.000390625

-0.0156445 0.000358239
-0.015644 0.000351562

-0.0156445 0.000372432
-0.0156444 0.000371094

-0.0156495 0.000390625
-0.0156518 0.000410156

-0.0156518 0.000410156
-0.0156545 0.000429688

-0.0156545 0.000429688
-0.0156578 0.000449219

-0.0156578 0.000449219
-0.0156616 0.00046875

-0.0157031 0.000605668
-0.0157111 0.000625

-0.0156641 0.000479277
-0.0156661 0.000488281

-0.0156659 0.000488281
-0.0156708 0.000507813

-0.0156708 0.000507813
-0.0156762 0.000527344

-0.0156762 0.000527344
-0.0156821 0.000546875

-0.0156641 0.00048025
-0.0156615 0.00046875

-0.0156836 0.000551294
-0.0156886 0.000566406

-0.0156886 0.000566406
-0.0156955 0.000585937

-0.0156836 0.000551773
-0.015682 0.000546875

-0.0156955 0.000585937
-0.015703 0.000605469

-0.0157031 0.000605646
-0.0157031 0.000605469

-0.0160937 0.00108484
-0.0161065 0.00109375

-0.0162305 0.00116832
-0.0162374 0.00117187

-0.0162305 0.00116857
-0.0162109 0.00115811

-0.0161914 0.00114708
-0.0162009 0.00115234

-0.0162109 0.00115829
-0.0162002 0.00115234

-0.0161914 0.0011473
-0.0161719 0.00113595

-0.01625 0.00117877
-0.0162366 0.00117187

-0.0161523 0.0011239
-0.016167 0.00113281

-0.0161328 0.00111159
-0.0161355 0.00111328

-0.0161523 0.00112407
-0.0161354 0.00111328

-0.0161719 0.00113639
-0.016166 0.00113281

-0.0161328 0.00111164
-0.0161133 0.00109864

-0.0161133 0.00109894
-0.0161057 0.00109375

-0.0160742 0.00107036
-0.0160796 0.00107422

-0.0160938 0.00108516
-0.0160787 0.00107422

-0.0160742 0.00107076
-0.0160547 0.00105623

-0.0160352 0.00104113
-0.0160526 0.00105469

-0.0160156 0.00102493
-0.0160282 0.00103516

-0.0160352 0.00104153
-0.0160272 0.00103516

-0.0160547 0.00105724
-0.0160513 0.00105469

-0.0159961 0.00100853
-0.0160046 0.00101563

-0.0159766 0.00099112
-0.0159821 0.000996094

-0.0159961 0.00100878
-0.0159816 0.000996094

-0.015957 0.000972997
-0.0159608 0.000976562

-0.0159375 0.000953897
-0.0159407 0.000957031

-0.015957 0.000973289
-0.0159402 0.000957031

-0.0159766 0.000991449
-0.0159604 0.000976562

-0.0160156 0.00102518
-0.0160041 0.00101563

-0.0157812 0.000758283
-0.0157833 0.000761719

-0.0157827 0.000761719
-0.0157953 0.00078125

-0.015918 0.000934085
-0.0159212 0.0009375

-0.0158984 0.000913011
-0.0159029 0.000917969

-0.015918 0.000934479
-0.0159025 0.000917969

-0.0158789 0.000890941
-0.0158853 0.000898438

-0.0158594 0.000867549
-0.0158686 0.000878906

-0.0158789 0.000891709
-0.0158681 0.000878906

-0.0158984 0.000913609
-0.0158849 0.000898438

-0.0158203 0.000816861
-0.0158227 0.000820313

-0.0158398 0.00084342
-0.0158523 0.000859375

-0.0158224 0.000820312
-0.015837 0.000839844

-0.0158398 0.000844106
-0.0158366 0.000839844

-0.0158008 0.0007888
-0.0158089 0.000800781

-0.0158203 0.000817434
-0.0158085 0.000800781

-0.0158008 0.000789997
-0.0157949 0.00078125

-0.0158594 0.000868821
-0.0158518 0.000859375

-0.0157422 0.000690249
-0.0157489 0.000703125

-0.0157227 0.000650474
-0.015729 0.000664063

-0.0157111 0.000625
-0.0157197 0.000644531

-0.0157227 0.00065192
-0.0157192 0.000644531

-0.0157288 0.000664063
-0.0157384 0.000683594

-0.0157422 0.000691758
-0.0157379 0.000683594

-0.0157617 0.000726171
-0.015771 0.000742188

-0.0157486 0.000703125
-0.0157594 0.000722656

-0.0157617 0.000728069
-0.0157586 0.000722656

-0.0157813 0.000759418
-0.0157707 0.000742188

-0.0159375 0.000954338
-0.0159209 0.0009375

-0.015625 0.000176192
-0.015625 0.000175781

-0.015625 0.000196088
-0.015625 0.000195312

-0.015625 0.000217288
-0.0156249 0.000214844

-0.015625 0.000237717
-0.0156248 0.000234375

-0.015625 0.000255082
-0.0156249 0.000253906

-0.0156055 0.000234616
-0.0156055 0.000234375

-0.015625 0.000274483
-0.0156248 0.000273437

-0.015625 0.00029386
-0.0156247 0.000292969

-0.015625 0.000313056
-0.0156247 0.0003125

-0.015625 0.000332317
-0.0156249 0.000332031

-0.015625 0.000351821
-0.0156249 0.000351562

